31 21 25 24.15 83.55 -19.95 -0.061659 -0.010221 -0.104394 0.322756 0.015229
31 22 25 24.15 81.25001 -19.95 -0.152738 -0.00493 -0.138913 0.418259 0.050311
33 58 25 19.55 -1.549988 -19.95 -0.123929 -0.02856 -0.051468 -0.073217 0.044405
34 58 25 17.25 -1.549988 -19.95 -0.102677 -0.02363 -0.042598 -0.106777 0.040661
30 18 26 26.45 90.45001 -17.65 -0.136051 -0.034835 -0.069253 0.64761 0.027363
31 18 26 24.15 90.45001 -17.65 -0.118403 -0.021377 -0.077727 0.59255 0.025044
30 19 26 26.45 88.15001 -17.65 -0.071466 -0.016322 -0.028112 0.540112 0.012716
31 19 26 24.15 88.15001 -17.65 -0.035558 -0.010545 -0.078157 0.556827 0.002513
30 20 26 26.45 85.85001 -17.65 0.009042 0.01814 -0.029152 0.565676 -0.000313
31 20 26 24.15 85.85001 -17.65 0.02538 0.0188 -0.060191 0.555319 -0.000515
30 21 26 26.45 83.55 -17.65 0.046523 0.050236 -0.030982 0.643939 -0.004176
31 21 26 24.15 83.55 -17.65 0.005045 0.046588 -0.062722 0.55958 0.012686
32 21 26 21.85 83.55 -17.65 -0.052311 0.033242 -0.071276 0.544438 0.033956
31 22 26 24.15 81.25001 -17.65 -0.061134 0.051045 -0.090688 0.55368 0.045322
32 22 26 21.85 81.25001 -17.65 -0.115585 0.042455 -0.102665 0.501767 0.062319
33 57 26 19.55 0.750015 -17.65 -0.099466 -0.058378 -0.024915 -0.015207 0.016594
34 57 26 17.25 0.750015 -17.65 -0.082321 -0.03481 -0.02409 -0.042082 0.017944
32 58 26 21.85 -1.549988 -17.65 -0.103507 -0.019298 -0.046993 -0.075183 0.040191
33 58 26 19.55 -1.549988 -17.65 -0.101585 -0.00493 -0.05027 -0.081017 0.040586
34 58 26 17.25 -1.549988 -17.65 -0.067337 0.00696 -0.041999 -0.093274 0.040556
35 58 26 14.95 -1.549988 -17.65 -0.042613 0.033964 -0.038463 -0.107039 0.040116
46 58 26 -10.35 -1.549988 -17.65 -0.133605 -0.016185 -0.110936 0.003474 0.055964
47 58 26 -12.65 -1.549988 -17.65 -0.146404 -0.038832 -0.123003 -0.011602 0.051669
48 58 26 -14.95 -1.549988 -17.65 -0.146098 -0.050659 -0.120902 -0.019205 0.036872
32 59 26 21.85 -3.849991 -17.65 -0.078062 0.020182 -0.066959 -0.090521 0.044792
33 59 26 19.55 -3.849991 -17.65 -0.080552 0.041023 -0.063965 -0.08023 0.064474
34 59 26 17.25 -3.849991 -17.65 -0.094705 0.045729 -0.073332 -0.067842 0.073155
35 59 26 14.95 -3.849991 -17.65 -0.066791 0.034885 -0.078903 -0.053487 0.064302
46 59 26 -10.35 -3.849991 -17.65 -0.17115 0.011516 -0.109252 0.020844 0.084767
47 59 26 -12.65 -3.849991 -17.65 -0.182333 0.003063 -0.091106 0.035789 0.086855
48 59 26 -14.95 -3.849991 -17.65 -0.184496 -0.008653 -0.102733 0.046277 0.073781
33 60 26 19.55 -6.149994 -17.65 -0.076686 0.046177 -0.087885 -0.000983 0.059149
34 60 26 17.25 -6.149994 -17.65 -0.104687 0.042119 -0.08784 0.031856 0.070321
35 60 26 14.95 -6.149994 -17.65 -0.120609 0.026083 -0.081705 0.038411 0.067569
36 60 26 12.65 -6.149994 -17.65 -0.106478 0.025722 -0.095027 0.021369 0.05991
46 60 26 -10.35 -6.149994 -17.65 -0.183338 0.046364 -0.074473 0.046735 0.088138
47 60 26 -12.65 -6.149994 -17.65 -0.208412 0.014704 -0.083987 0.075445 0.092173
48 60 26 -14.95 -6.149994 -17.65 -0.1613 -0.002054 -0.093625 0.103631 0.06736
34 61 26 17.25 -8.449997 -17.65 -0.096299 0.029195 -0.078722 0.090849 0.054674
35 61 26 14.95 -8.449997 -17.65 -0.116175 0.01921 -0.069558 0.09937 0.062132
48 61 26 -14.95 -8.449997 -17.65 -0.07745 -0.000859 -0.050937 0.070267 0.044062
31 17 27 24.15 92.75001 -15.35 -0.075528 0.046464 -0.068519 0.850677 0.052564
30 18 27 26.45 90.45001 -15.35 -0.073322 0.030117 -0.089727 0.864376 0.038304
31 18 27 24.15 90.45001 -15.35 -0.027236 0.089566 -0.056598 0.826621 0.049819
29 19 27 28.75 88.15001 -15.35 0.017124 0.06916 0.000373 0.905868 0.029011
30 19 27 26.45 88.15001 -15.35 0.034684 0.086951 -0.018768 0.806497 0.016549
31 19 27 24.15 88.15001 -15.35 0.052354 0.12887 -0.029525 0.781196 0.023507
30 20 27 26.45 85.85001 -15.35 0.126222 0.130601 0.022847 0.77864 -0.003871
31 20 27 24.15 85.85001 -15.35 0.116437 0.156709 0.006825 0.714272 0.009375
30 21 27 26.45 83.55 -15.35 0.174427 0.183402 0.035231 0.706537 -0.003334
31 21 27 24.15 83.55 -15.35 0.134588 0.195404 0.021322 0.608806 0.023619
52 56 27 -24.15 3.050003 -15.35 0.020138 -0.001183 -0.051163 -0.133062 -0.00842
53 56 27 -26.45 3.050003 -15.35 0.010899 0.036989 -0.059592 -0.120476 0.007659
32 57 27 21.85 0.750015 -15.35 -0.110453 -0.050473 -0.055728 -0.005834 0.020837
33 57 27 19.55 0.750015 -15.35 -0.103027 -0.044297 -0.048621 0.011209 0.017288
34 57 27 17.25 0.750015 -15.35 -0.086602 -0.00986 -0.029525 0.008849 0.022732
35 57 27 14.95 0.750015 -15.35 -0.101454 0.003548 -0.064982 0.029496 0.03597
36 57 27 12.65 0.750015 -15.35 -0.116634 0.005988 -0.088552 0.022679 0.037991
46 57 27 -10.35 0.750015 -15.35 -0.155949 -0.064566 -0.135229 0.103958 0.0372
47 57 27 -12.65 0.750015 -15.35 -0.154704 -0.069621 -0.169398 0.046867 0.041541
51 57 27 -21.85 0.750015 -15.35 0.01874 0.010707 -0.048541 -0.106187 -0.004892
52 57 27 -24.15 0.750015 -15.35 0.039773 0.051157 -0.040903 -0.146892 0.005019
53 57 27 -26.45 0.750015 -15.35 0.00629 0.060184 -0.062112 -0.133389 0.017892
31 58 27 24.15 -1.549988 -15.35 -0.08468 -0.011927 -0.082936 -0.034478 0.039975
32 58 27 21.85 -1.549988 -15.35 -0.117267 -0.031424 -0.093806 -0.02635 0.039259
33 58 27 19.55 -1.549988 -15.35 -0.09726 -0.000523 -0.073298 -0.024056 0.039154
34 58 27 17.25 -1.549988 -15.35 -0.054538 0.025709 -0.068711 -0.005768 0.042383
35 58 27 14.95 -1.549988 -15.35 -0.057531 0.036055 -0.071953 0.005834 0.05322
36 58 27 12.65 -1.549988 -15.35 -0.094159 0.029743 -0.098541 -0.00957 0.055323
45 58 27 -8.050003 -1.549988 -15.35 -0.189672 -0.009873 -0.161884 0.047719 0.075459
46 58 27 -10.35 -1.549988 -15.35 -0.216581 -0.040376 -0.172686 0.134438 0.07135
47 58 27 -12.65 -1.549988 -15.35 -0.213523 -0.065076 -0.187499 0.131554 0.070172
48 58 27 -14.95 -1.549988 -15.35 -0.203891 -0.077302 -0.189104 0.106711 0.053086
51 58 27 -21.85 -1.549988 -15.35 -0.020182 0.036703 -0.057411 -0.038608 0.021777
52 58 27 -24.15 -1.549988 -15.35 0.000764 0.065662 -0.037197 -0.103958 0.028512
31 59 27 24.15 -3.849991 -15.35 -0.062532 0.005889 -0.100608 -0.03107 0.03494
32 59 27 21.85 -3.849991 -15.35 -0.080792 0.005341 -0.117625 -0.012978 0.042413
33 59 27 19.55 -3.849991 -15.35 -0.064717 0.028635 -0.113636 0.009046 0.058724
34 59 27 17.25 -3.849991 -15.35 -0.069696 0.053896 -0.119953 0.021369 0.074095
35 59 27 14.95 -3.849991 -15.35 -0.088436 0.050709 -0.128246 0.046408 0.080673
36 59 27 12.65 -3.849991 -15.35 -0.130962 0.028884 -0.148336 0.044835 0.081031
37 59 27 10.35 -3.849991 -15.35 -0.132403 0.01982 -0.142461 0.026678 0.070164
38 59 27 8.049995 -3.849991 -15.35 -0.113467 0.010284 -0.117907 0.026809 0.058351
45 59 27 -8.050003 -3.849991 -15.35 -0.216515 0.011728 -0.188788 0.051717 0.098497
46 59 27 -10.35 -3.849991 -15.35 -0.263824 -0.009113 -0.207793 0.117658 0.110034
47 59 27 -12.65 -3.849991 -15.35 -0.268018 -0.030876 -0.221939 0.176389 0.105761
48 59 27 -14.95 -3.849991 -15.35 -0.238772 -0.045243 -0.209092 0.201559 0.084185
49 59 27 -17.25 -3.849991 -15.35 -0.158351 -0.031586 -0.170539 0.159936 0.056397
31 60 27 24.15 -6.149994 -15.35 -0.019526 0.002117 -0.106382 0.035134 0.014625
32 60 27 21.85 -6.149994 -15.35 -0.027258 0.019186 -0.119422 0.048374 0.028236
33 60 27 19.55 -6.149994 -15.35 -0.056985 0.033441 -0.136054 0.077084 0.052459
34 60 27 17.25 -6.149994 -15.35 -0.091341 0.043774 -0.141195 0.097797 0.079174
35 60 27 14.95 -6.149994 -15.35 -0.132818 0.045206 -0.143037 0.099173 0.090226
36 60 27 12.65 -6.149994 -15.35 -0.161016 0.03547 -0.152551 0.091898 0.090525
37 60 27 10.35 -6.149994 -15.35 -0.161125 0.035545 -0.130698 0.069415 0.090577
38 60 27 8.049995 -6.149994 -15.35 -0.128581 0.03811 -0.111851 0.039132 0.07974
39 60 27 5.75 -6.149994 -15.35 -0.127358 0.005478 -0.089761 0.053356 0.070821
45 60 27 -8.050003 -6.149994 -15.35 -0.20424 0.032271 -0.158935 0.057026 0.112764
46 60 27 -10.35 -6.149994 -15.35 -0.263147 0.013608 -0.187206 0.118444 0.123824
47 60 27 -12.65 -6.149994 -15.35 -0.261574 -0.023468 -0.204765 0.166491 0.106872
48 60 27 -14.95 -6.149994 -15.35 -0.192926 -0.018787 -0.200844 0.190547 0.086445
49 60 27 -17.25 -6.149994 -15.35 -0.12323 0.01067 -0.176969 0.170883 0.067793
31 61 27 24.15 -8.449997 -15.35 -0.006509 -0.022696 -0.106484 0.076035 -0.003155
32 61 27 21.85 -8.449997 -15.35 -0.015136 -0.005403 -0.124823 0.082524 0.010732
33 61 27 19.55 -8.449997 -15.35 -0.063996 0.001357 -0.152291 0.099173 0.037178
34 61 27 17.25 -8.449997 -15.35 -0.110802 0.015787 -0.145523 0.128539 0.063616
35 61 27 14.95 -8.449997 -15.35 -0.151602 0.023941 -0.131625 0.13706 0.083343
36 61 27 12.65 -8.449997 -15.35 -0.165865 0.035122 -0.118608 0.107891 0.085185
37 61 27 10.35 -8.449997 -15.35 -0.13983 0.043463 -0.091535 0.055715 0.081508
38 61 27 8.049995 -8.449997 -15.35 -0.121177 0.033179 -0.075332 0.045359 0.07012
39 61 27 5.75 -8.449997 -15.35 -0.116503 -0.01321 -0.062259 0.016715 0.053339
46 61 27 -10.35 -8.449997 -15.35 -0.227392 -0.014143 -0.161003 0.102582 0.111399
47 61 27 -12.65 -8.449997 -15.35 -0.205682 -0.020269 -0.159647 0.111103 0.095186
48 61 27 -14.95 -8.449997 -15.35 -0.114821 0.012101 -0.151523 0.133324 0.069583
49 61 27 -17.25 -8.449997 -15.35 -0.047789 0.047484 -0.140947 0.131357 0.060491
32 62 27 21.85 -10.74998 -15.35 -0.031321 -0.04487 -0.149127 0.090587 -0.004907
33 62 27 19.55 -10.74998 -15.35 -0.054254 -0.016521 -0.149681 0.105532 0.017705
34 62 27 17.25 -10.74998 -15.35 -0.094792 0.001631 -0.129681 0.145188 0.044807
35 62 27 14.95 -10.74998 -15.35 -0.13592 0.007619 -0.099908 0.167409 0.06513
36 62 27 12.65 -10.74998 -15.35 -0.134544 0.012413 -0.074575 0.137978 0.062259
37 62 27 10.35 -10.74998 -15.35 -0.108509 0.018588 -0.040948 0.063843 0.049178
38 62 27 8.049995 -10.74998 -15.35 -0.101672 0.003486 -0.021356 0.037887 0.040594
39 62 27 5.75 -10.74998 -15.35 -0.101825 -0.043451 -0.028881 0.011274 0.022739
26 70 27 35.65 -29.14999 -15.35 -0.07413 -0.081349 -0.066451 -0.039722 0.005429
27 70 27 33.35 -29.14999 -15.35 -0.06832 -0.086827 -0.074891 -0.072561 0.00044
26 71 27 35.65 -31.45 -15.35 -0.094792 -0.082531 -0.068078 -0.055847 0.014453
27 71 27 33.35 -31.45 -15.35 -0.081644 -0.077937 -0.062824 -0.078526 0.007749
25 72 27 37.95 -33.74998 -15.35 -0.085663 -0.030901 -0.066858 -0.051783 0.038505
26 72 27 35.65 -33.74998 -15.35 -0.074807 -0.034076 -0.049897 -0.081476 0.026453
26 73 27 35.65 -36.04999 -15.35 -0.064913 0.008267 -0.031231 -0.076232 0.03899
30 17 28 26.45 92.75001 -13.05 -0.093154 0.02998 -0.104744 1.014677 0.061782
29 18 28 28.75 90.45001 -13.05 -0.105669 -0.011081 -0.124325 1.085992 0.051542
30 18 28 26.45 90.45001 -13.05 -0.056591 0.067193 -0.084789 0.984918 0.055413
31 18 28 24.15 90.45001 -13.05 -0.011161 0.140424 -0.034293 0.974561 0.068993
29 19 28 28.75 88.15001 -13.05 0.0306 0.077937 -0.041626 0.959354 0.030011
30 19 28 26.45 88.15001 -13.05 0.038266 0.108589 -0.025694 0.847006 0.030063
31 19 28 24.15 88.15001 -13.05 0.057312 0.147321 -0.003989 0.872897 0.03937
30 20 28 26.45 85.85001 -13.05 0.151362 0.1651 0.008215 0.743965 0.006354
31 20 28 24.15 85.85001 -13.05 0.13865 0.21068 0.027118 0.686218 0.030257
52 55 28 -24.15 5.350006 -13.05 -0.056482 -0.034014 -0.060372 -0.034871 0.011858
53 55 28 -26.45 5.350006 -13.05 -0.051131 -0.00051 -0.076936 -0.025826 0.02297
51 56 28 -21.85 3.050003 -13.05 -0.003233 -0.023655 -0.075716 -0.0156 -0.013887
52 56 28 -24.15 3.050003 -13.05 0.008431 0.012176 -0.064055 -0.06581 -0.004423
53 56 28 -26.45 3.050003 -13.05 -0.009719 0.025622 -0.08714 -0.048505 0.010076
54 56 28 -28.75 3.050003 -13.05 -0.037873 0.030042 -0.099908 -0.008325 0.026916
32 57 28 21.85 0.750015 -13.05 -0.095469 -0.0342 -0.091874 0.050275 0.031286
33 57 28 19.55 0.750015 -13.05 -0.094268 -0.022684 -0.068304 0.067645 0.027952
34 57 28 17.25 0.750015 -13.05 -0.108378 0.005241 -0.057841 0.102975 0.040519
35 57 28 14.95 0.750015 -13.05 -0.119364 0.010234 -0.078654 0.128277 0.046254
36 57 28 12.65 0.750015 -13.05 -0.154005 0.003337 -0.092993 0.126048 0.054779
46 57 28 -10.35 0.750015 -13.05 -0.181765 -0.064143 -0.151364 0.244296 0.040079
47 57 28 -12.65 0.750015 -13.05 -0.178096 -0.057893 -0.169511 0.206475 0.044047
50 57 28 -19.55 0.750015 -13.05 -0.026144 -0.029382 -0.124766 0.035592 -0.004803
51 57 28 -21.85 0.750015 -13.05 0.012188 0.021688 -0.068519 -0.056633 -0.002237
52 57 28 -24.15 0.750015 -13.05 0.019133 0.046775 -0.053717 -0.098256 0.00798
53 57 28 -26.45 0.750015 -13.05 -0.018347 0.049589 -0.089569 -0.067448 0.022471
54 57 28 -28.75 0.750015 -13.05 -0.072776 0.025025 -0.116811 -0.011864 0.040452
30 58 28 26.45 -1.549988 -13.05 -0.04626 0.000324 -0.096959 0.03474 0.026953
31 58 28 24.15 -1.549988 -13.05 -0.09678 -0.014853 -0.115241 0.034544 0.040758
32 58 28 21.85 -1.549988 -13.05 -0.113576 -0.018326 -0.115263 0.048636 0.046418
33 58 28 19.55 -1.549988 -13.05 -0.086711 0.010321 -0.101716 0.070726 0.050453
34 58 28 17.25 -1.549988 -13.05 -0.076555 0.039392 -0.0941 0.099108 0.058761
35 58 28 14.95 -1.549988 -13.05 -0.10532 0.045443 -0.105817 0.115233 0.074758
36 58 28 12.65 -1.549988 -13.05 -0.16355 0.01067 -0.138788 0.11851 0.078696
37 58 28 10.35 -1.549988 -13.05 -0.199501 -0.012712 -0.141749 0.109071 0.081329
38 58 28 8.049995 -1.549988 -13.05 -0.184343 -0.017268 -0.114676 0.11733 0.076615
45 58 28 -8.050003 -1.549988 -13.05 -0.225754 -0.026407 -0.185217 0.14309 0.076399
46 58 28 -10.35 -1.549988 -13.05 -0.255546 -0.055826 -0.213047 0.24836 0.078942
47 58 28 -12.65 -1.549988 -13.05 -0.238706 -0.066633 -0.218584 0.253735 0.071723
48 58 28 -14.95 -1.549988 -13.05 -0.204087 -0.066795 -0.230968 0.230793 0.063542
49 58 28 -17.25 -1.549988 -13.05 -0.119997 -0.048045 -0.194426 0.16754 0.035813
50 58 28 -19.55 -1.549988 -13.05 -0.060326 -0.023506 -0.150924 0.090652 0.020338
51 58 28 -21.85 -1.549988 -13.05 -0.021361 0.022074 -0.092857 0.000983 0.027348
52 58 28 -24.15 -1.549988 -13.05 -0.023087 0.04731 -0.058993 -0.063843 0.037021
53 58 28 -26.45 -1.549988 -13.05 -0.071749 0.029855 -0.084179 -0.04962 0.043472
30 59 28 26.45 -3.849991 -13.05 -0.032151 0.009985 -0.101117 0.045752 0.026998
31 59 28 24.15 -3.849991 -13.05 -0.060021 0.007844 -0.124212 0.052766 0.040377
32 59 28 21.85 -3.849991 -13.05 -0.073606 0.00935 -0.139037 0.066138 0.052414
33 59 28 19.55 -3.849991 -13.05 -0.071859 0.042069 -0.143941 0.076822 0.068606
34 59 28 17.25 -3.849991 -13.05 -0.083085 0.063794 -0.14854 0.089669 0.089339
35 59 28 14.95 -3.849991 -13.05 -0.117857 0.05549 -0.162754 0.120083 0.097856
36 59 28 12.65 -3.849991 -13.05 -0.18834 0.023767 -0.188008 0.133783 0.109378
37 59 28 10.35 -3.849991 -13.05 -0.225427 0.009972 -0.181522 0.126507 0.111265
38 59 28 8.049995 -3.849991 -13.05 -0.197076 0.013322 -0.148675 0.114512 0.102353
39 59 28 5.75 -3.849991 -13.05 -0.144198 0.008864 -0.091162 0.069612 0.08467
44 59 28 -5.75 -3.849991 -13.05 -0.167678 0.032271 -0.165172 0.012192 0.085796
45 59 28 -8.050003 -3.849991 -13.05 -0.265091 0.01504 -0.233273 0.120149 0.118566
46 59 28 -10.35 -3.849991 -13.05 -0.309211 -0.011068 -0.260639 0.228237 0.132945
47 59 28 -12.65 -3.849991 -13.05 -0.292742 -0.025373 -0.271283 0.27294 0.117903
48 59 28 -14.95 -3.849991 -13.05 -0.221233 -0.026556 -0.264504 0.284411 0.095424
49 59 28 -17.25 -3.849991 -13.05 -0.135592 -0.004507 -0.219894 0.228302 0.067211
50 59 28 -19.55 -3.849991 -13.05 -0.087257 0.000486 -0.189714 0.18196 0.04873
51 59 28 -21.85 -3.849991 -13.05 -0.073082 0.020294 -0.131546 0.104221 0.056367
30 60 28 26.45 -6.149994 -13.05 -0.002206 0.018526 -0.081106 0.069546 0.016646
31 60 28 24.15 -6.149994 -13.05 -0.019723 0.006237 -0.109569 0.092422 0.02224
32 60 28 21.85 -6.149994 -13.05 -0.038441 0.021215 -0.142528 0.099173 0.042562
33 60 28 19.55 -6.149994 -13.05 -0.063865 0.04975 -0.157082 0.110185 0.071395
34 60 28 17.25 -6.149994 -13.05 -0.122509 0.047621 -0.184889 0.123426 0.094664
35 60 28 14.95 -6.149994 -13.05 -0.169403 0.040388 -0.199793 0.140403 0.112033
36 60 28 12.65 -6.149994 -13.05 -0.209548 0.026855 -0.208301 0.153316 0.122228
37 60 28 10.35 -6.149994 -13.05 -0.211732 0.036155 -0.179511 0.121656 0.123862
38 60 28 8.049995 -6.149994 -13.05 -0.195788 0.025697 -0.144901 0.100747 0.117463
39 60 28 5.75 -6.149994 -13.05 -0.157914 0.017256 -0.097015 0.067514 0.099295
40 60 28 3.449997 -6.149994 -13.05 -0.127882 -0.015189 -0.057603 0.020385 0.064765
44 60 28 -5.75 -6.149994 -13.05 -0.173203 0.020792 -0.172494 0.025629 0.096081
45 60 28 -8.050003 -6.149994 -13.05 -0.258473 0.011491 -0.22612 0.135618 0.138718
46 60 28 -10.35 -6.149994 -13.05 -0.296412 0.021514 -0.272492 0.22142 0.156072
47 60 28 -12.65 -6.149994 -13.05 -0.260766 0.002801 -0.281385 0.258651 0.129955
48 60 28 -14.95 -6.149994 -13.05 -0.18028 0.023854 -0.282582 0.265468 0.100861
49 60 28 -17.25 -6.149994 -13.05 -0.114297 0.039716 -0.243871 0.255308 0.084267
50 60 28 -19.55 -6.149994 -13.05 -0.078215 0.049501 -0.191149 0.231842 0.071402
30 61 28 26.45 -8.449997 -13.05 0.002839 0.006412 -0.068745 0.095437 0.008964
31 61 28 24.15 -8.449997 -13.05 -0.009195 -0.015874 -0.108925 0.098846 0.004527
32 61 28 21.85 -8.449997 -13.05 -0.028896 -0.001569 -0.148269 0.117855 0.021509
33 61 28 19.55 -8.449997 -13.05 -0.066988 0.023344 -0.172697 0.128211 0.056539
34 61 28 17.25 -8.449997 -13.05 -0.135461 0.023854 -0.20394 0.145909 0.088332
35 61 28 14.95 -8.449997 -13.05 -0.182792 0.019596 -0.204313 0.152136 0.107215
36 61 28 12.65 -8.449997 -13.05 -0.201008 0.030391 -0.180539 0.133717 0.110959
37 61 28 10.35 -8.449997 -13.05 -0.18965 0.023319 -0.144235 0.098452 0.104881
38 61 28 8.049995 -8.449997 -13.05 -0.17032 0.012089 -0.107196 0.082787 0.095879
39 61 28 5.75 -8.449997 -13.05 -0.153633 -0.012961 -0.074066 0.063581 0.077936
40 61 28 3.449997 -8.449997 -13.05 -0.131595 -0.041757 -0.049344 -0.006948 0.054711
44 61 28 -5.75 -8.449997 -13.05 -0.139655 0.00996 -0.132122 0.023794 0.083417
45 61 28 -8.050003 -8.449997 -13.05 -0.224378 0.006325 -0.204799 0.129588 0.124839
46 61 28 -10.35 -8.449997 -13.05 -0.247093 -0.019447 -0.229126 0.162755 0.125405
47 61 28 -12.65 -8.449997 -13.05 -0.216821 0.0031 -0.26169 0.190481 0.118551
48 61 28 -14.95 -8.449997 -13.05 -0.143302 0.045492 -0.247871 0.222206 0.104478
49 61 28 -17.25 -8.449997 -13.05 -0.069915 0.082046 -0.207205 0.225484 0.091345
31 62 28 24.15 -10.74998 -13.05 -0.017888 -0.041297 -0.116179 0.107498 -0.003185
32 62 28 21.85 -10.74998 -13.05 -0.025839 -0.024377 -0.161771 0.108285 0.007562
33 62 28 19.55 -10.74998 -13.05 -0.052857 0.006088 -0.176889 0.123492 0.03949
34 62 28 17.25 -10.74998 -13.05 -0.113467 0.015264 -0.190494 0.144729 0.068084
35 62 28 14.95 -10.74998 -13.05 -0.153022 0.019186 -0.171093 0.154823 0.089965
36 62 28 12.65 -10.74998 -13.05 -0.160645 0.021314 -0.130676 0.146761 0.083111
37 62 28 10.35 -10.74998 -13.05 -0.13343 0.015612 -0.08523 0.118707 0.068352
38 62 28 8.049995 -10.74998 -13.05 -0.123645 0.001469 -0.049016 0.080492 0.063057
39 62 28 5.75 -10.74998 -13.05 -0.108072 -0.01921 -0.038485 0.03651 0.05102
40 62 28 3.449997 -10.74998 -13.05 -0.080814 -0.030528 -0.041084 -0.005244 0.02394
45 62 28 -8.050003 -10.74998 -13.05 -0.136029 0.006275 -0.119376 0.063057 0.091613
46 62 28 -10.35 -10.74998 -13.05 -0.199588 -0.004432 -0.183759 0.100353 0.110982
47 62 28 -12.65 -10.74998 -13.05 -0.192206 0.008279 -0.211623 0.124082 0.107506
48 62 28 -14.95 -10.74998 -13.05 -0.125305 0.055975 -0.209567 0.166884 0.0962
27 68 28 33.35 -24.54999 -13.05 -0.019308 -0.015015 -0.069479 0.065613 -0.003028
28 68 28 31.05 -24.54999 -13.05 -0.081403 -0.060345 -0.118619 0.107695 -0.001827
29 68 28 28.75 -24.54999 -13.05 -0.118687 -0.096451 -0.127919 0.133455 0.005153
26 69 28 35.65 -26.84999 -13.05 -0.025118 -0.043326 -0.050169 0.003998 -0.000634
27 69 28 33.35 -26.84999 -13.05 -0.03357 -0.049813 -0.062779 -0.023073 -8.94953e-05
28 69 28 31.05 -26.84999 -13.05 -0.076991 -0.066097 -0.09019 0.007014 0.006824
29 69 28 28.75 -26.84999 -13.05 -0.121046 -0.087798 -0.115173 0.070529 0.017728
26 70 28 35.65 -29.14999 -13.05 -0.062598 -0.07546 -0.05175 -0.023925 0.005422
27 70 28 33.35 -29.14999 -13.05 -0.049558 -0.069434 -0.047558 -0.078657 0.002759
28 70 28 31.05 -29.14999 -13.05 -0.059933 -0.056934 -0.054937 -0.058993 0.011194
25 71 28 37.95 -31.45 -13.05 -0.06369 -0.032507 -0.043468 -0.049226 0.032106
26 71 28 35.65 -31.45 -13.05 -0.069303 -0.058129 -0.04157 -0.071316 0.019324
27 71 28 33.35 -31.45 -13.05 -0.059758 -0.06179 -0.032169 -0.103041 0.008166
25 72 28 37.95 -33.74998 -13.05 -0.05657 0.011205 -0.039931 -0.093799 0.050572
26 72 28 35.65 -33.74998 -13.05 -0.050934 -0.00803 -0.025457 -0.117461 0.030667
27 72 28 33.35 -33.74998 -13.05 -0.044251 -0.032632 -0.023604 -0.109792 0.010575
26 73 28 35.65 -36.04999 -13.05 -0.03665 0.041957 -0.013175 -0.127228 0.045658
29 18 29 28.75 90.45001 -10.75 -0.119997 -0.026867 -0.112111 1.21794 0.045121
30 18 29 26.45 90.45001 -10.75 -0.078215 0.046837 -0.053219 1.088876 0.052966
29 19 29 28.75 88.15001 -10.75 0.001048 0.059051 -0.08097 0.999142 0.028914
30 19 29 26.45 88.15001 -10.75 0.008475 0.079494 -0.035152 0.877879 0.033039
31 19 29 24.15 88.15001 -10.75 0.007142 0.110718 -0.003446 0.863131 0.049163
26 20 29 35.65 85.85001 -10.75 -0.063144 0.003611 -0.134947 1.27549 0.053362
27 20 29 33.35 85.85001 -10.75 0.024943 0.056013 -0.093027 1.136136 0.032464
28 20 29 31.05 85.85001 -10.75 0.098767 0.10158 -0.067581 0.975676 0.014058
25 21 29 37.95 83.55 -10.75 -0.060545 -0.043164 -0.131534 1.293123 0.025156
26 21 29 35.65 83.55 -10.75 0.026559 0.01926 -0.089693 1.147476 0.006511
27 21 29 33.35 83.55 -10.75 0.118949 0.101916 -0.047977 0.97738 0.003498
28 21 29 31.05 83.55 -10.75 0.189934 0.161963 -0.028022 0.814166 -0.003446
25 22 29 37.95 81.25001 -10.75 0.009479 -0.014479 -0.093298 1.24311 0.002387
26 22 29 35.65 81.25001 -10.75 0.089944 0.041235 -0.043773 1.065017 -0.017742
27 22 29 33.35 81.25001 -10.75 0.18419 0.136913 0.005175 0.901541 -0.016206
28 22 29 31.05 81.25001 -10.75 0.248142 0.205837 0.00087 0.769004 -0.01957
36 47 29 12.65 23.75001 -10.75 -0.098986 -0.085544 -0.019423 0.24364 0.008927
37 47 29 10.35 23.75001 -10.75 -0.092128 -0.087225 -0.03279 0.272547 0.003364
38 47 29 8.049995 23.75001 -10.75 -0.106696 -0.079369 -0.055231 0.269663 0.008375
39 47 29 5.75 23.75001 -10.75 -0.13343 -0.064143 -0.074394 0.225287 0.02435
36 48 29 12.65 21.45001 -10.75 -0.089922 -0.048231 -0.012282 0.194545 0.02388
37 48 29 10.35 21.45001 -10.75 -0.077909 -0.050846 -0.033344 0.222796 0.014737
38 48 29 8.049995 21.45001 -10.75 -0.088611 -0.057357 -0.063976 0.238986 0.01279
35 49 29 14.95 19.15001 -10.75 -0.077974 -0.013919 0.002418 0.089276 0.035015
36 49 29 12.65 19.15001 -10.75 -0.064826 -0.017069 -0.010203 0.135487 0.025044
37 49 29 10.35 19.15001 -10.75 -0.081294 -0.04741 -0.051118 0.179731 0.018078
38 49 29 8.049995 19.15001 -10.75 -0.099925 -0.065363 -0.093592 0.195528 0.015341
36 50 29 12.65 16.85001 -10.75 -0.053446 -0.025025 -0.049717 0.103827 0.019174
37 50 29 10.35 16.85001 -10.75 -0.08457 -0.041073 -0.086157 0.156069 0.02165
38 50 29 8.049995 16.85001 -10.75 -0.117529 -0.062549 -0.113004 0.189629 0.025879
39 50 29 5.75 16.85001 -10.75 -0.121221 -0.059561 -0.118619 0.211719 0.026998
52 55 29 -24.15 5.350006 -10.75 -0.058448 -0.006935 -0.052123 0.032512 0.018332
53 55 29 -26.45 5.350006 -10.75 -0.050541 0.03791 -0.068677 0.026809 0.037327
51 56 29 -21.85 3.050003 -10.75 -0.000175 0.000747 -0.068033 0.059517 -0.004952
52 56 29 -24.15 3.050003 -10.75 -0.008606 0.019684 -0.062575 0.002622 0.005929
53 56 29 -26.45 3.050003 -10.75 -0.019352 0.048169 -0.083953 0.00603 0.02667
54 56 29 -28.75 3.050003 -10.75 -0.068277 0.05473 -0.104631 0.045031 0.056032
30 57 29 26.45 0.750015 -10.75 -0.058317 0.025299 -0.081863 0.075445 0.03861
31 57 29 24.15 0.750015 -10.75 -0.070876 0.002403 -0.103704 0.098321 0.031413
32 57 29 21.85 0.750015 -10.75 -0.088218 -0.019161 -0.113071 0.134962 0.032069
33 57 29 19.55 0.750015 -10.75 -0.101978 -0.012898 -0.08836 0.159543 0.036402
34 57 29 17.25 0.750015 -10.75 -0.130154 -0.000896 -0.074315 0.183664 0.048462
35 57 29 14.95 0.750015 -10.75 -0.145902 0.015824 -0.083185 0.205164 0.059149
36 57 29 12.65 0.750015 -10.75 -0.14232 0.016185 -0.076722 0.195725 0.061028
37 57 29 10.35 0.750015 -10.75 -0.148828 -0.008591 -0.066044 0.168523 0.0558
50 57 29 -19.55 0.750015 -10.75 0.001966 0.01743 -0.117049 0.111693 0.007816
51 57 29 -21.85 0.750015 -10.75 -0.004303 0.021825 -0.073129 0.026678 0.012641
52 57 29 -24.15 0.750015 -10.75 -0.020771 0.035931 -0.055773 -0.017698 0.023947
53 57 29 -26.45 0.750015 -10.75 -0.050192 0.039018 -0.09271 -0.002491 0.037991
54 57 29 -28.75 0.750015 -10.75 -0.107482 0.028125 -0.119399 0.04962 0.060849
29 58 29 28.75 -1.549988 -10.75 -0.038245 0.020406 -0.070462 0.074855 0.030272
30 58 29 26.45 -1.549988 -10.75 -0.06559 0.014206 -0.100812 0.071054 0.040086
31 58 29 24.15 -1.549988 -10.75 -0.091363 0.00305 -0.111343 0.089604 0.04964
32 58 29 21.85 -1.549988 -10.75 -0.103944 -0.007072 -0.110732 0.12087 0.054436
33 58 29 19.55 -1.549988 -10.75 -0.098724 0.01738 -0.095897 0.145253 0.062333
34 58 29 17.25 -1.549988 -10.75 -0.112855 0.055602 -0.088835 0.17593 0.078674
35 58 29 14.95 -1.549988 -10.75 -0.145377 0.052776 -0.106168 0.193038 0.097744
36 58 29 12.65 -1.549988 -10.75 -0.190939 0.022435 -0.14402 0.221026 0.09805
37 58 29 10.35 -1.549988 -10.75 -0.214047 0.001345 -0.137862 0.199789 0.098587
38 58 29 8.049995 -1.549988 -10.75 -0.221495 -0.022435 -0.125783 0.180649 0.088362
39 58 29 5.75 -1.549988 -10.75 -0.162348 -0.018028 -0.073513 0.115429 0.066488
40 58 29 3.449997 -1.549988 -10.75 -0.096037 -0.00259 -0.030757 0.01311 0.042406
44 58 29 -5.75 -1.549988 -10.75 -0.189126 0.002565 -0.114518 0.092815 0.077443
45 58 29 -8.050003 -1.549988 -10.75 -0.228506 -0.040313 -0.172991 0.194021 0.070865
46 58 29 -10.35 -1.549988 -10.75 -0.239624 -0.054108 -0.191025 0.272809 0.071432
47 58 29 -12.65 -1.549988 -10.75 -0.213851 -0.055552 -0.198878 0.310827 0.067039
50 58 29 -19.55 -1.549988 -10.75 -0.061833 -0.002191 -0.166438 0.145581 0.037536
51 58 29 -21.85 -1.549988 -10.75 -0.055434 0.008441 -0.115128 0.07656 0.039773
52 58 29 -24.15 -1.549988 -10.75 -0.065983 0.026083 -0.073061 0.010094 0.050736
53 58 29 -26.45 -1.549988 -10.75 -0.111326 0.01316 -0.09462 0.010225 0.056449
56 58 29 -33.35001 -1.549988 -10.75 -0.147955 -0.045878 -0.111862 0.124409 0.051378
57 58 29 -35.64999 -1.549988 -10.75 -0.097239 -0.010147 -0.093366 0.039132 0.052877
29 59 29 28.75 -3.849991 -10.75 -0.037851 0.014355 -0.083693 0.070333 0.026207
30 59 29 26.45 -3.849991 -10.75 -0.04792 0.02119 -0.088563 0.076428 0.037789
31 59 29 24.15 -3.849991 -10.75 -0.061462 0.018053 -0.103207 0.098977 0.049521
32 59 29 21.85 -3.849991 -10.75 -0.073759 0.032457 -0.119071 0.115233 0.061058
33 59 29 19.55 -3.849991 -10.75 -0.088131 0.066297 -0.124179 0.113791 0.088071
34 59 29 17.25 -3.849991 -10.75 -0.104381 0.095143 -0.127862 0.12631 0.111534
35 59 29 14.95 -3.849991 -10.75 -0.160994 0.079008 -0.168031 0.168916 0.124033
36 59 29 12.65 -3.849991 -10.75 -0.228987 0.03938 -0.208991 0.210211 0.132364
37 59 29 10.35 -3.849991 -10.75 -0.257774 0.026855 -0.201748 0.213226 0.138636
38 59 29 8.049995 -3.849991 -10.75 -0.240432 0.022896 -0.159669 0.184648 0.130782
39 59 29 5.75 -3.849991 -10.75 -0.180411 0.025572 -0.096925 0.096683 0.101137
40 59 29 3.449997 -3.849991 -10.75 -0.11255 0.015675 -0.042643 -0.012323 0.062975
41 59 29 1.150002 -3.849991 -10.75 -0.065415 0.010682 -0.016113 -0.076756 0.035664
42 59 29 -1.150002 -3.849991 -10.75 -0.078105 0.020941 -0.040112 -0.098846 0.043569
43 59 29 -3.450005 -3.849991 -10.75 -0.133102 0.01804 -0.099332 -0.035068 0.06739
44 59 29 -5.75 -3.849991 -10.75 -0.209679 0.021875 -0.168517 0.081672 0.100026
45 59 29 -8.050003 -3.849991 -10.75 -0.273806 0.003648 -0.22525 0.174029 0.121594
46 59 29 -10.35 -3.849991 -10.75 -0.293681 -0.008864 -0.252504 0.274382 0.123757
47 59 29 -12.65 -3.849991 -10.75 -0.262033 -0.007358 -0.262696 0.321773 0.113085
48 59 29 -14.95 -3.849991 -10.75 -0.18775 -0.004968 -0.263374 0.323215 0.088332
49 59 29 -17.25 -3.849991 -10.75 -0.147103 -0.006076 -0.257894 0.287295 0.073789
29 60 29 28.75 -6.149994 -10.75 -0.026887 0.032532 -0.063897 0.056895 0.02928
30 60 29 26.45 -6.149994 -10.75 -0.035667 0.018961 -0.073807 0.087572 0.03544
31 60 29 24.15 -6.149994 -10.75 -0.034837 0.022061 -0.094744 0.119624 0.039743
32 60 29 21.85 -6.149994 -10.75 -0.045059 0.043837 -0.12819 0.129194 0.05633
33 60 29 19.55 -6.149994 -10.75 -0.092892 0.075124 -0.16663 0.114512 0.095909
34 60 29 17.25 -6.149994 -10.75 -0.140441 0.083876 -0.198494 0.135552 0.123004
35 60 29 14.95 -6.149994 -10.75 -0.20518 0.057146 -0.243442 0.147941 0.133251
36 60 29 12.65 -6.149994 -10.75 -0.239777 0.038906 -0.249159 0.179142 0.144073
37 60 29 10.35 -6.149994 -10.75 -0.245586 0.035657 -0.214425 0.186614 0.147667
38 60 29 8.049995 -6.149994 -10.75 -0.220512 0.031411 -0.162528 0.162361 0.138927
39 60 29 5.75 -6.149994 -10.75 -0.183513 0.031013 -0.101004 0.08318 0.117358
40 60 29 3.449997 -6.149994 -10.75 -0.128494 0.013409 -0.04035 -0.028906 0.079293
41 60 29 1.150002 -6.149994 -10.75 -0.088939 0.004544 -0.013503 -0.112742 0.044792
42 60 29 -1.150002 -6.149994 -10.75 -0.092259 -0.008117 -0.041762 -0.114381 0.032606
43 60 29 -3.450005 -6.149994 -10.75 -0.130787 -0.006673 -0.106597 -0.043851 0.061483
44 60 29 -5.75 -6.149994 -10.75 -0.210421 0.005391 -0.18803 0.08803 0.104478
45 60 29 -8.050003 -6.149994 -10.75 -0.27492 0.003922 -0.251306 0.213816 0.134772
46 60 29 -10.35 -6.149994 -10.75 -0.290929 -0.004333 -0.290142 0.282379 0.143715
47 60 29 -12.65 -6.149994 -10.75 -0.248732 0.013359 -0.308435 0.318037 0.134004
48 60 29 -14.95 -6.149994 -10.75 -0.184233 0.044472 -0.307599 0.314301 0.113152
49 60 29 -17.25 -6.149994 -10.75 -0.137449 0.041222 -0.281995 0.316595 0.095909
29 61 29 28.75 -8.449997 -10.75 -0.013433 0.046401 -0.044349 0.045949 0.033837
30 61 29 26.45 -8.449997 -10.75 -0.021667 0.019559 -0.051728 0.087899 0.03145
31 61 29 24.15 -8.449997 -10.75 -0.015355 0.008491 -0.086236 0.127556 0.025655
32 61 29 21.85 -8.449997 -10.75 -0.036191 0.033291 -0.142359 0.141321 0.049163
33 61 29 19.55 -8.449997 -10.75 -0.0816 0.056013 -0.191838 0.148531 0.085267
34 61 29 17.25 -8.449997 -10.75 -0.15798 0.051244 -0.239193 0.149842 0.11697
35 61 29 14.95 -8.449997 -10.75 -0.207953 0.036753 -0.261543 0.149121 0.134937
36 61 29 12.65 -8.449997 -10.75 -0.215663 0.029121 -0.233725 0.14545 0.134027
37 61 29 10.35 -8.449997 -10.75 -0.192621 0.035371 -0.176223 0.139092 0.128597
38 61 29 8.049995 -8.449997 -10.75 -0.170561 0.030727 -0.120009 0.123426 0.119364
39 61 29 5.75 -8.449997 -10.75 -0.159203 0.01062 -0.077897 0.070791 0.100384
40 61 29 3.449997 -8.449997 -10.75 -0.131246 0.001693 -0.032395 -0.035986 0.076765
41 61 29 1.150002 -8.449997 -10.75 -0.090162 -0.015127 -0.005548 -0.097273 0.037312
42 61 29 -1.150002 -8.449997 -10.75 -0.072361 -0.013384 -0.01774 -0.106056 0.025469
43 61 29 -3.450005 -8.449997 -10.75 -0.113445 -0.008478 -0.08801 -0.049685 0.051579
44 61 29 -5.75 -8.449997 -10.75 -0.174143 -0.016011 -0.179466 0.085671 0.089167
45 61 29 -8.050003 -8.449997 -10.75 -0.251025 -0.023468 -0.252549 0.221289 0.120118
46 61 29 -10.35 -8.449997 -10.75 -0.270355 -0.020767 -0.289972 0.281658 0.131528
47 61 29 -12.65 -8.449997 -10.75 -0.242441 0.019833 -0.313034 0.299225 0.13381
48 61 29 -14.95 -8.449997 -10.75 -0.180673 0.057532 -0.307283 0.324723 0.123958
49 61 29 -17.25 -8.449997 -10.75 -0.12821 0.077116 -0.276775 0.341503 0.111138
30 62 29 26.45 -10.74998 -10.75 -0.02621 0.013571 -0.05653 0.09039 0.031748
31 62 29 24.15 -10.74998 -10.75 -0.040625 -0.011342 -0.103716 0.129719 0.028109
32 62 29 21.85 -10.74998 -10.75 -0.03606 0.012575 -0.151624 0.13883 0.038871
33 62 29 19.55 -10.74998 -10.75 -0.071269 0.039878 -0.197239 0.152791 0.071194
34 62 29 17.25 -10.74998 -10.75 -0.136073 0.039267 -0.236809 0.151022 0.099914
35 62 29 14.95 -10.74998 -10.75 -0.184758 0.030515 -0.236708 0.146892 0.117925
36 62 29 12.65 -10.74998 -10.75 -0.170823 0.021825 -0.190731 0.148203 0.108297
37 62 29 10.35 -10.74998 -10.75 -0.144547 0.016011 -0.124235 0.13588 0.093545
38 62 29 8.049995 -10.74998 -10.75 -0.129368 0.004831 -0.0734 0.121263 0.084379
39 62 29 5.75 -10.74998 -10.75 -0.116765 0.011193 -0.051909 0.075445 0.080866
40 62 29 3.449997 -10.74998 -10.75 -0.088655 0.013932 -0.025322 -0.011012 0.058605
44 62 29 -5.75 -10.74998 -10.75 -0.105211 -2.49001e-05 -0.130913 0.084884 0.06422
45 62 29 -8.050003 -10.74998 -10.75 -0.192555 -0.022373 -0.215126 0.20287 0.090979
46 62 29 -10.35 -10.74998 -10.75 -0.250632 -0.028822 -0.271035 0.264484 0.111899
47 62 29 -12.65 -10.74998 -10.75 -0.228899 0.019061 -0.289599 0.273792 0.125107
48 62 29 -14.95 -10.74998 -10.75 -0.176917 0.060831 -0.281328 0.310433 0.123735
49 62 29 -17.25 -10.74998 -10.75 -0.120784 0.097135 -0.24473 0.325706 0.11926
44 63 29 -5.75 -13.04999 -10.75 -0.042809 0.032968 -0.06592 0.052831 0.041951
45 63 29 -8.050003 -13.04999 -10.75 -0.106478 0.016745 -0.136495 0.155086 0.068591
46 63 29 -10.35 -13.04999 -10.75 -0.185085 -0.003349 -0.207454 0.210867 0.093068
47 63 29 -12.65 -13.04999 -10.75 -0.199086 0.013409 -0.236436 0.223714 0.108752
48 63 29 -14.95 -13.04999 -10.75 -0.165319 0.058167 -0.239645 0.256488 0.111459
49 63 29 -17.25 -13.04999 -10.75 -0.100995 0.109162 -0.197251 0.264616 0.111481
45 64 29 -8.050003 -15.34999 -10.75 -0.048597 0.058939 -0.068665 0.090259 0.053459
46 64 29 -10.35 -15.34999 -10.75 -0.115039 0.037512 -0.116269 0.124016 0.074438
47 64 29 -12.65 -15.34999 -10.75 -0.126244 0.037873 -0.152472 0.150038 0.087497
48 64 29 -14.95 -15.34999 -10.75 -0.10995 0.078049 -0.157161 0.177896 0.091845
49 64 29 -17.25 -15.34999 -10.75 -0.06701 0.12287 -0.132676 0.185369 0.098333
48 65 29 -14.95 -17.64999 -10.75 -0.027433 0.111079 -0.06131 0.114512 0.067621
49 65 29 -17.25 -17.64999 -10.75 -0.01151 0.142068 -0.03792 0.130505 0.069948
27 66 29 33.35 -19.95 -10.75 -0.027411 -0.02734 -0.083162 0.398726 -0.003401
28 66 29 31.05 -19.95 -10.75 -0.050192 -0.061092 -0.097671 0.458309 -0.012649
29 66 29 28.75 -19.95 -10.75 -0.06476 -0.064305 -0.079264 0.39499 -0.012007
26 67 29 35.65 -22.24998 -10.75 -0.017342 0.007794 -0.029186 0.253014 0.003587
27 67 29 33.35 -22.24998 -10.75 -0.048051 -0.023979 -0.07349 0.350221 0.005131
28 67 29 31.05 -22.24998 -10.75 -0.093591 -0.061155 -0.103987 0.396694 0.004355
29 67 29 28.75 -22.24998 -10.75 -0.097391 -0.074825 -0.085761 0.356317 -0.000492
30 67 29 26.45 -22.24998 -10.75 -0.06891 -0.062263 -0.059377 0.220437 0.005176
26 68 29 35.65 -24.54999 -10.75 -0.011773 -0.005354 -0.024678 0.182222 0.002327
27 68 29 33.35 -24.54999 -10.75 -0.054691 -0.02627 -0.05714 0.228892 0.011142
28 68 29 31.05 -24.54999 -10.75 -0.104949 -0.059125 -0.090801 0.266385 0.009166
29 68 29 28.75 -24.54999 -10.75 -0.108749 -0.064628 -0.085739 0.235054 0.011157
30 68 29 26.45 -24.54999 -10.75 -0.086929 -0.061155 -0.064914 0.15856 0.019801
25 69 29 37.95 -26.84999 -10.75 -0.012253 -0.027116 -0.029401 0.102713 0.001544
26 69 29 35.65 -26.84999 -10.75 -0.018696 -0.024539 -0.017841 0.095896 0.003774
27 69 29 33.35 -26.84999 -10.75 -0.043836 -0.040861 -0.025288 0.082393 0.010642
28 69 29 31.05 -26.84999 -10.75 -0.060588 -0.042791 -0.038496 0.094454 0.011314
29 69 29 28.75 -26.84999 -10.75 -0.086798 -0.050099 -0.054417 0.10894 0.016542
30 69 29 26.45 -26.84999 -10.75 -0.0695 -0.037798 -0.052451 0.086654 0.027177
25 70 29 37.95 -29.14999 -10.75 -0.049318 -0.039367 -0.037864 0.057747 0.01954
26 70 29 35.65 -29.14999 -10.75 -0.044295 -0.040749 -0.010892 0.025957 0.014237
27 70 29 33.35 -29.14999 -10.75 -0.023436 -0.026046 0.016474 -0.026875 0.010486
28 70 29 31.05 -29.14999 -10.75 -0.02586 -0.014006 0.013435 -0.04313 0.01649
29 70 29 28.75 -29.14999 -10.75 -0.041608 -0.012276 -0.014587 -0.000328 0.02526
25 71 29 37.95 -31.45 -10.75 -0.046937 0.004046 -0.018384 -0.017108 0.043756
26 71 29 35.65 -31.45 -10.75 -0.041171 -0.005839 0.004045 -0.049816 0.034508
27 71 29 33.35 -31.45 -10.75 -0.015158 0.000162 0.033423 -0.107629 0.02224
28 71 29 31.05 -31.45 -10.75 -0.011947 0.005827 0.024474 -0.114839 0.019458
25 72 29 37.95 -33.74998 -10.75 -0.037895 0.049564 -0.017762 -0.071971 0.062915
26 72 29 35.65 -33.74998 -10.75 -0.021296 0.042741 0.011367 -0.120739 0.048767
27 72 29 33.35 -33.74998 -10.75 -0.010047 0.020406 0.023096 -0.147285 0.027937
25 73 29 37.95 -36.04999 -10.75 -0.031714 0.080365 -0.029016 -0.099436 0.077234
26 73 29 35.65 -36.04999 -10.75 -0.02206 0.076157 -0.001062 -0.142697 0.064459
30 18 30 26.45 90.45001 -8.449997 -0.104119 0.002328 -0.034564 1.191 0.043137
29 19 30 28.75 88.15001 -8.449997 -0.039577 0.016272 -0.108134 1.069605 0.025245
30 19 30 26.45 88.15001 -8.449997 -0.028023 0.045306 -0.045412 0.914454 0.030771
31 19 30 24.15 88.15001 -8.449997 -0.035995 0.062387 -0.00739 0.893414 0.047306
26 20 30 35.65 85.85001 -8.449997 -0.05017 -0.007794 -0.153025 1.260873 0.035671
27 20 30 33.35 85.85001 -8.449997 0.002687 0.03374 -0.140156 1.150098 0.02532
28 20 30 31.05 85.85001 -8.449997 0.068255 0.076418 -0.124179 0.962501 0.010501
26 21 30 35.65 83.55 -8.449997 0.037021 0.033117 -0.114676 1.034013 -0.00126
27 21 30 33.35 83.55 -8.449997 0.104075 0.095579 -0.095829 0.890988 -0.005094
28 21 30 31.05 83.55 -8.449997 0.155687 0.139117 -0.104269 0.746456 -0.00531
26 22 30 35.65 81.25001 -8.449997 0.105648 0.062997 -0.070835 0.903639 -0.024097
27 22 30 33.35 81.25001 -8.449997 0.180302 0.136801 -0.046847 0.747111 -0.020189
28 22 30 31.05 81.25001 -8.449997 0.222216 0.175371 -0.071852 0.644923 -0.015729
37 46 30 10.35 26.05001 -8.449997 -0.087978 -0.093998 -0.007604 0.247573 -0.002349
38 46 30 8.049995 26.05001 -8.449997 -0.125982 -0.092006 -0.033367 0.257078 0.012306
36 47 30 12.65 23.75001 -8.449997 -0.095054 -0.075709 -0.022022 0.218929 0.006958
37 47 30 10.35 23.75001 -8.449997 -0.102743 -0.071277 -0.024745 0.246 0.012514
38 47 30 8.049995 23.75001 -8.449997 -0.127162 -0.062462 -0.037265 0.254521 0.025432
39 47 30 5.75 23.75001 -8.449997 -0.162283 -0.0561 -0.063479 0.222403 0.0438
35 48 30 14.95 21.45001 -8.449997 -0.079197 -0.024664 -0.00896 0.154561 0.024984
36 48 30 12.65 21.45001 -8.449997 -0.090424 -0.038882 -0.035446 0.197954 0.027773
37 48 30 10.35 21.45001 -8.449997 -0.098746 -0.046376 -0.0447 0.2245 0.02576
38 48 30 8.049995 21.45001 -8.449997 -0.107657 -0.047074 -0.058733 0.242723 0.02617
35 49 30 14.95 19.15001 -8.449997 -0.061003 0.013471 -0.001164 0.110382 0.033285
36 49 30 12.65 19.15001 -8.449997 -0.079066 -0.010346 -0.041344 0.168916 0.029929
37 49 30 10.35 19.15001 -8.449997 -0.108771 -0.043687 -0.081411 0.217421 0.029146
38 50 30 8.049995 16.85001 -8.449997 -0.148675 -0.089902 -0.142472 0.2245 0.027781
40 50 30 3.449997 16.85001 -8.449997 -0.091647 -0.044895 -0.080733 0.157183 0.024559
52 56 30 -24.15 3.050003 -8.449997 -0.036716 0.035607 -0.039717 0.073151 0.026699
53 56 30 -26.45 3.050003 -8.449997 -0.045845 0.071513 -0.058914 0.064761 0.053936
34 57 30 17.25 0.750015 -8.449997 -0.138366 -0.011653 -0.090801 0.200313 0.051706
51 57 30 -21.85 0.750015 -8.449997 -0.010768 0.042604 -0.046688 0.077608 0.022777
52 57 30 -24.15 0.750015 -8.449997 -0.044557 0.045916 -0.031502 0.053094 0.038729
53 57 30 -26.45 0.750015 -8.449997 -0.076249 0.060022 -0.064553 0.068104 0.05721
29 58 30 28.75 -1.549988 -8.449997 -0.056111 0.058055 -0.04914 0.068169 0.051557
30 58 30 26.45 -1.549988 -8.449997 -0.060042 0.04609 -0.073196 0.077215 0.049946
31 58 30 24.15 -1.549988 -8.449997 -0.069718 0.028486 -0.08914 0.113004 0.051415
32 58 30 21.85 -1.549988 -8.449997 -0.073803 0.035893 -0.081219 0.131882 0.058903
33 58 30 19.55 -1.549988 -8.449997 -0.086798 0.049613 -0.062259 0.152595 0.068837
34 58 30 17.25 -1.549988 -8.449997 -0.128559 0.06032 -0.068891 0.189367 0.086259
35 58 30 14.95 -1.549988 -8.449997 -0.156713 0.048742 -0.102269 0.230924 0.096744
36 58 30 12.65 -1.549988 -8.449997 -0.180739 0.023406 -0.152777 0.279364 0.087899
37 58 30 10.35 -1.549988 -8.449997 -0.21029 -0.008703 -0.162924 0.266713 0.087661
38 58 30 8.049995 -1.549988 -8.449997 -0.219748 -0.035769 -0.141353 0.205557 0.080911
39 58 30 5.75 -1.549988 -8.449997 -0.1632 -0.022198 -0.093795 0.109399 0.064906
40 58 30 3.449997 -1.549988 -8.449997 -0.096758 0.01184 -0.054677 -0.009439 0.044658
29 59 30 28.75 -3.849991 -8.449997 -0.053621 0.035445 -0.059547 0.052307 0.040892
30 59 30 26.45 -3.849991 -8.449997 -0.058208 0.040948 -0.073004 0.07361 0.047075
31 59 30 24.15 -3.849991 -8.449997 -0.066093 0.044945 -0.079038 0.104417 0.057322
32 59 30 21.85 -3.849991 -8.449997 -0.071094 0.068438 -0.077976 0.119362 0.077272
33 59 30 19.55 -3.849991 -8.449997 -0.079831 0.111042 -0.074812 0.127359 0.100541
34 59 30 17.25 -3.849991 -8.449997 -0.116263 0.131311 -0.095704 0.136994 0.121647
35 59 30 14.95 -3.849991 -8.449997 -0.165275 0.107631 -0.144709 0.189695 0.131021
36 59 30 12.65 -3.849991 -8.449997 -0.21361 0.053622 -0.200234 0.244296 0.129186
37 59 30 10.35 -3.849991 -8.449997 -0.25144 0.026905 -0.210629 0.269204 0.12721
38 59 30 8.049995 -3.849991 -8.449997 -0.237177 0.01306 -0.16898 0.230596 0.124563
39 59 30 5.75 -3.849991 -8.449997 -0.199392 0.013197 -0.119602 0.118707 0.103203
40 59 30 3.449997 -3.849991 -8.449997 -0.131945 0.014554 -0.065468 -0.014945 0.072983
41 59 30 1.150002 -3.849991 -8.449997 -0.090446 0.010172 -0.023649 -0.075118 0.048961
43 59 30 -3.450005 -3.849991 -8.449997 -0.163331 -0.007034 -0.090032 0.007276 0.075109
44 59 30 -5.75 -3.849991 -8.449997 -0.216472 -0.011242 -0.141365 0.112742 0.094231
45 59 30 -8.050003 -3.849991 -8.449997 -0.25535 -0.03059 -0.193126 0.200117 0.097028
46 59 30 -10.35 -3.849991 -8.449997 -0.251746 -0.034238 -0.209058 0.259175 0.089697
47 59 30 -12.65 -3.849991 -8.449997 -0.216493 -0.027527 -0.206098 0.294046 0.08476
48 59 30 -14.95 -3.849991 -8.449997 -0.17209 -0.020667 -0.218821 0.292735 0.071708
29 60 30 28.75 -6.149994 -8.449997 -0.049384 0.030453 -0.060394 0.037297 0.040027
30 60 30 26.45 -6.149994 -8.449997 -0.056373 0.031611 -0.062236 0.083901 0.047649
31 60 30 24.15 -6.149994 -8.449997 -0.040298 0.046127 -0.064394 0.127424 0.057389
32 60 30 21.85 -6.149994 -8.449997 -0.038223 0.082008 -0.08975 0.143353 0.078129
33 60 30 19.55 -6.149994 -8.449997 -0.078695 0.121575 -0.126811 0.128146 0.114293
34 60 30 17.25 -6.149994 -8.449997 -0.136619 0.12648 -0.173782 0.12395 0.139866
35 60 30 14.95 -6.149994 -8.449997 -0.181372 0.105913 -0.212629 0.129588 0.14446
36 60 30 12.65 -6.149994 -8.449997 -0.224051 0.070119 -0.233566 0.183009 0.145281
37 60 30 10.35 -6.149994 -8.449997 -0.239536 0.039143 -0.212968 0.214668 0.141283
38 60 30 8.049995 -6.149994 -8.449997 -0.220316 0.044086 -0.160935 0.201362 0.139829
39 60 30 5.75 -6.149994 -8.449997 -0.196072 0.034038 -0.104292 0.10173 0.131446
40 60 30 3.449997 -6.149994 -8.449997 -0.153109 0.024489 -0.050971 -0.026547 0.096804
41 60 30 1.150002 -6.149994 -8.449997 -0.144678 -0.00183 -0.038259 -0.097535 0.066555
42 60 30 -1.150002 -6.149994 -8.449997 -0.144569 -0.020244 -0.06262 -0.079575 0.05724
43 60 30 -3.450005 -6.149994 -8.449997 -0.171937 -0.027527 -0.117648 0.008325 0.070052
44 60 30 -5.75 -6.149994 -8.449997 -0.23187 -0.021725 -0.193398 0.152595 0.101928
45 60 30 -8.050003 -6.149994 -8.449997 -0.269656 -0.025 -0.240436 0.24954 0.117589
46 60 30 -10.35 -6.149994 -8.449997 -0.265615 -0.00884 -0.25821 0.30165 0.119588
47 60 30 -12.65 -6.149994 -8.449997 -0.234862 0.013446 -0.262877 0.311417 0.110415
48 60 30 -14.95 -6.149994 -8.449997 -0.195023 0.031324 -0.275927 0.314956 0.106537
49 60 30 -17.25 -6.149994 -8.449997 -0.169993 0.021128 -0.271249 0.317709 0.098206
29 61 30 28.75 -8.449997 -8.449997 -0.049493 0.038197 -0.051039 0.031659 0.052064
30 61 30 26.45 -8.449997 -8.449997 -0.045146 0.028274 -0.050428 0.104221 0.052086
31 61 30 24.15 -8.449997 -8.449997 -0.026931 0.044048 -0.077999 0.152005 0.054853
32 61 30 21.85 -8.449997 -8.449997 -0.024899 0.069708 -0.117704 0.177372 0.072379
33 61 30 19.55 -8.449997 -8.449997 -0.079176 0.092429 -0.179149 0.17062 0.106171
34 61 30 17.25 -8.449997 -8.449997 -0.156014 0.080863 -0.231996 0.158756 0.135071
35 61 30 14.95 -8.449997 -8.449997 -0.201707 0.059922 -0.25099 0.132537 0.144468
36 61 30 12.65 -8.449997 -8.449997 -0.211994 0.043525 -0.245645 0.154823 0.135205
37 61 30 10.35 -8.449997 -8.449997 -0.196377 0.042529 -0.189443 0.163672 0.132378
38 61 30 8.049995 -8.449997 -8.449997 -0.191507 0.031424 -0.131546 0.155741 0.132468
39 61 30 5.75 -8.449997 -8.449997 -0.178489 0.034611 -0.077694 0.087113 0.127076
40 61 30 3.449997 -8.449997 -8.449997 -0.148479 0.041372 -0.036361 -0.01914 0.106529
41 61 30 1.150002 -8.449997 -8.449997 -0.125611 0.029992 -0.028112 -0.097404 0.071842
43 61 30 -3.450005 -8.449997 -8.449997 -0.147671 -0.016048 -0.115478 0.006227 0.065675
44 61 30 -5.75 -8.449997 -8.449997 -0.209264 -0.040014 -0.205782 0.148203 0.092173
45 61 30 -8.050003 -8.449997 -8.449997 -0.262033 -0.033453 -0.269182 0.2987 0.116963
46 61 30 -10.35 -8.449997 -8.449997 -0.271796 -0.013583 -0.28917 0.365362 0.12589
47 61 30 -12.65 -8.449997 -8.449997 -0.2467 0.023481 -0.299848 0.369951 0.127605
48 61 30 -14.95 -8.449997 -8.449997 -0.21064 0.050846 -0.298288 0.381684 0.124868
49 61 30 -17.25 -8.449997 -8.449997 -0.175912 0.047958 -0.276481 0.397939 0.116463
50 61 30 -19.55 -8.449997 -8.449997 -0.131945 0.032868 -0.227973 0.35966 0.097207
30 62 30 26.45 -10.74998 -8.449997 -0.064323 0.021489 -0.071626 0.119952 0.059022
31 62 30 24.15 -10.74998 -8.449997 -0.056198 0.024327 -0.103851 0.17062 0.062072
32 62 30 21.85 -10.74998 -8.449997 -0.042525 0.05234 -0.143432 0.192907 0.071611
33 62 30 19.55 -10.74998 -8.449997 -0.081491 0.063495 -0.194573 0.199527 0.091733
34 62 30 17.25 -10.74998 -8.449997 -0.151646 0.056909 -0.240561 0.20169 0.12152
35 62 30 14.95 -10.74998 -8.449997 -0.219966 0.018974 -0.2683 0.189433 0.138166
36 62 30 12.65 -10.74998 -8.449997 -0.208805 0.015239 -0.231725 0.177765 0.124891
37 62 30 10.35 -10.74998 -8.449997 -0.171696 0.02317 -0.163918 0.170489 0.113033
38 62 30 8.049995 -10.74998 -8.449997 -0.160142 0.024688 -0.103196 0.1406 0.112772
39 62 30 5.75 -10.74998 -8.449997 -0.143543 0.043911 -0.053061 0.102713 0.110542
44 62 30 -5.75 -10.74998 -8.449997 -0.151537 -0.016285 -0.173793 0.168195 0.069799
45 62 30 -8.050003 -10.74998 -8.449997 -0.215096 -0.024738 -0.244097 0.304075 0.094723
46 62 30 -10.35 -10.74998 -8.449997 -0.253034 -0.022983 -0.282831 0.375391 0.113435
47 62 30 -12.65 -10.74998 -8.449997 -0.253428 0.007707 -0.297328 0.404691 0.127359
48 62 30 -14.95 -10.74998 -8.449997 -0.222391 0.043202 -0.293294 0.42973 0.132595
49 62 30 -17.25 -10.74998 -8.449997 -0.17281 0.059773 -0.256199 0.432221 0.123362
50 62 30 -19.55 -10.74998 -8.449997 -0.118731 0.063968 -0.193804 0.370803 0.109662
36 63 30 12.65 -13.04999 -8.449997 -0.189759 0.004893 -0.20568 0.195594 0.112548
37 63 30 10.35 -13.04999 -8.449997 -0.175846 -0.00427 -0.148528 0.161968 0.095835
38 63 30 8.049995 -13.04999 -8.449997 -0.15003 -0.004183 -0.088258 0.139026 0.09274
44 63 30 -5.75 -13.04999 -8.449997 -0.064061 0.02317 -0.111478 0.122246 0.041981
45 63 30 -8.050003 -13.04999 -8.449997 -0.147256 -0.004905 -0.203477 0.250326 0.071552
46 63 30 -10.35 -13.04999 -8.449997 -0.220862 -0.035109 -0.263329 0.344911 0.092299
47 63 30 -12.65 -13.04999 -8.449997 -0.237352 -0.009039 -0.272673 0.372507 0.111437
48 63 30 -14.95 -13.04999 -8.449997 -0.209089 0.039404 -0.261035 0.394728 0.124935
49 63 30 -17.25 -13.04999 -8.449997 -0.156407 0.072497 -0.224504 0.386469 0.121169
50 63 30 -19.55 -13.04999 -8.449997 -0.098855 0.097372 -0.165952 0.323871 0.10955
44 64 30 -5.75 -15.34999 -8.449997 -0.017539 0.062997 -0.075807 0.041885 0.039095
45 64 30 -8.050003 -15.34999 -8.449997 -0.089703 0.022808 -0.143173 0.178879 0.060663
46 64 30 -10.35 -15.34999 -8.449997 -0.153852 -0.012064 -0.195262 0.262387 0.077458
47 64 30 -12.65 -15.34999 -8.449997 -0.185631 -0.005204 -0.218764 0.295292 0.09136
48 64 30 -14.95 -15.34999 -8.449997 -0.161824 0.050609 -0.197917 0.306959 0.099273
49 64 30 -17.25 -15.34999 -8.449997 -0.114035 0.085046 -0.160042 0.307615 0.102524
50 64 30 -19.55 -15.34999 -8.449997 -0.050651 0.10651 -0.116845 0.26396 0.086788
45 65 30 -8.050003 -17.64999 -8.449997 -0.039075 0.061852 -0.075501 0.101337 0.055301
46 65 30 -10.35 -17.64999 -8.449997 -0.067316 0.029258 -0.112981 0.175733 0.056777
47 65 30 -12.65 -17.64999 -8.449997 -0.096234 0.040239 -0.127783 0.196577 0.067166
48 65 30 -14.95 -17.64999 -8.449997 -0.096037 0.073891 -0.113795 0.215914 0.074371
49 65 30 -17.25 -17.64999 -8.449997 -0.059999 0.10717 -0.07018 0.208835 0.074512
50 65 30 -19.55 -17.64999 -8.449997 -0.009108 0.109324 -0.04818 0.197757 0.061953
26 66 30 35.65 -19.95 -8.449997 -0.076664 -0.018339 -0.043751 0.367329 0.027341
27 66 30 33.35 -19.95 -8.449997 -0.085073 -0.052502 -0.082925 0.482102 0.01775
28 66 30 31.05 -19.95 -8.449997 -0.093897 -0.076767 -0.10645 0.545749 0.008756
29 66 30 28.75 -19.95 -8.449997 -0.092674 -0.065774 -0.081354 0.480529 0.006332
49 66 30 -17.25 -19.95 -8.449997 0.015791 0.137112 0.013254 0.118182 0.048633
25 67 30 37.95 -22.24998 -8.449997 -0.038114 -0.023991 -0.011616 0.316136 0.007115
26 67 30 35.65 -22.24998 -8.449997 -0.070046 -0.033403 -0.035717 0.411639 0.015595
27 67 30 33.35 -22.24998 -8.449997 -0.09785 -0.056598 -0.072824 0.509305 0.015244
28 67 30 31.05 -22.24998 -8.449997 -0.117726 -0.06911 -0.086484 0.542013 0.015587
29 67 30 28.75 -22.24998 -8.449997 -0.09678 -0.048916 -0.059988 0.433335 0.011784
30 67 30 26.45 -22.24998 -8.449997 -0.044491 -0.003523 -0.025638 0.257143 0.01646
25 68 30 37.95 -24.54999 -8.449997 -0.010047 -0.035358 -0.016542 0.288475 -0.006414
26 68 30 35.65 -24.54999 -8.449997 -0.045103 -0.04416 -0.029242 0.360577 0.00437
27 68 30 33.35 -24.54999 -8.449997 -0.080464 -0.058104 -0.047547 0.418325 0.011053
28 68 30 31.05 -24.54999 -8.449997 -0.08966 -0.043077 -0.053637 0.415768 0.014894
29 68 30 28.75 -24.54999 -8.449997 -0.060261 -0.013708 -0.045299 0.303092 0.014289
30 68 30 26.45 -24.54999 -8.449997 -0.023327 0.023008 -0.016237 0.154496 0.026409
31 68 30 24.15 -24.54999 -8.449997 0.005155 0.066023 -0.014723 0.053356 0.039594
25 69 30 37.95 -26.84999 -8.449997 -0.014612 -0.039604 -0.026045 0.21552 0.002342
26 69 30 35.65 -26.84999 -8.449997 -0.03167 -0.039927 -0.012339 0.247508 0.008032
27 69 30 33.35 -26.84999 -8.449997 -0.040997 -0.037076 0.006734 0.234202 0.01423
28 69 30 31.05 -26.84999 -8.449997 -0.024528 -0.012189 0.015966 0.204115 0.012746
29 69 30 28.75 -26.84999 -8.449997 -0.0121 0.015351 0.00713 0.142173 0.014894
30 69 30 26.45 -26.84999 -8.449997 -0.005024 0.036391 -0.002395 0.068038 0.028355
31 69 30 24.15 -26.84999 -8.449997 -0.011445 0.053884 -0.025129 0.027202 0.038901
26 70 30 35.65 -29.14999 -8.449997 -0.037393 -0.013459 0.015164 0.118707 0.025715
27 70 30 33.35 -29.14999 -8.449997 -0.002009 0.013508 0.064112 0.056436 0.022888
28 70 30 31.05 -29.14999 -8.449997 0.024222 0.037736 0.076179 0.013241 0.019786
29 70 30 28.75 -29.14999 -8.449997 0.028176 0.057644 0.054191 -0.008718 0.023731
26 71 30 35.65 -31.45 -8.449997 -0.034379 0.025087 0.031039 0.00721 0.049297
27 71 30 33.35 -31.45 -8.449997 0.007448 0.058366 0.075795 -0.075052 0.039706
25 72 30 37.95 -33.74998 -8.449997 -0.052311 0.050522 -0.018655 -0.011995 0.072842
27 20 31 33.35 85.85001 -6.150002 -0.032282 0.023369 -0.17481 1.106115 0.021695
28 20 31 31.05 85.85001 -6.150002 -0.012581 0.048655 -0.171364 0.916486 0.02127
26 21 31 35.65 83.55 -6.150002 0.036279 0.028311 -0.13219 0.909145 -0.004646
27 21 31 33.35 83.55 -6.150002 0.087126 0.092678 -0.117376 0.780213 -0.004907
28 21 31 31.05 83.55 -6.150002 0.1262 0.140823 -0.124077 0.618638 0.003073
27 22 31 33.35 81.25001 -6.150002 0.154551 0.129555 -0.080134 0.561612 -0.013454
28 22 31 31.05 81.25001 -6.150002 0.178489 0.175496 -0.099919 0.475482 0.003968
37 46 31 10.35 26.05001 -6.150002 -0.080268 -0.046825 -0.001819 0.166688 0.014767
38 46 31 8.049995 26.05001 -6.150002 -0.113489 -0.045754 -0.020248 0.203329 0.028243
36 47 31 12.65 23.75001 -6.150002 -0.081666 -0.035371 -0.025525 0.150825 0.018429
37 47 31 10.35 23.75001 -6.150002 -0.113926 -0.039292 -0.028734 0.178289 0.028586
38 47 31 8.049995 23.75001 -6.150002 -0.133976 -0.027789 -0.032949 0.216241 0.042831
39 47 31 5.75 23.75001 -6.150002 -0.168202 -0.04121 -0.062372 0.20346 0.048894
40 47 31 3.449997 23.75001 -6.150002 -0.178882 -0.063097 -0.093094 0.132406 0.047716
35 48 31 14.95 21.45001 -6.150002 -0.063078 0.009599 -0.020519 0.155151 0.029265
36 48 31 12.65 21.45001 -6.150002 -0.090031 -0.004295 -0.046677 0.168916 0.032986
37 48 31 10.35 21.45001 -6.150002 -0.133168 -0.031897 -0.069637 0.200576 0.039989
38 48 31 8.049995 21.45001 -6.150002 -0.137296 -0.027365 -0.070744 0.222272 0.043114
39 48 31 5.75 21.45001 -6.150002 -0.147824 -0.03801 -0.079219 0.182419 0.046694
40 48 31 3.449997 21.45001 -6.150002 -0.147343 -0.043177 -0.079354 0.088293 0.04747
35 49 31 14.95 19.15001 -6.150002 -0.045234 0.046078 -0.021344 0.131292 0.038871
36 49 31 12.65 19.15001 -6.150002 -0.08955 0.01362 -0.073117 0.173177 0.038729
37 49 31 10.35 19.15001 -6.150002 -0.136728 -0.027141 -0.113648 0.206278 0.039162
38 49 31 8.049995 19.15001 -6.150002 -0.143652 -0.052141 -0.114167 0.214603 0.035507
39 49 31 5.75 19.15001 -6.150002 -0.128669 -0.05915 -0.100484 0.179142 0.033128
40 49 31 3.449997 19.15001 -6.150002 -0.110256 -0.056897 -0.080021 0.077936 0.030399
40 50 31 3.449997 16.85001 -6.150002 -0.094661 -0.065562 -0.063739 0.091636 0.020248
30 58 31 26.45 -1.549988 -6.150002 -0.048685 0.074339 -0.049253 0.04844 0.059686
31 58 31 24.15 -1.549988 -6.150002 -0.036716 0.066097 -0.051378 0.06345 0.054257
32 58 31 21.85 -1.549988 -6.150002 -0.032435 0.076892 -0.042677 0.075183 0.05545
33 58 31 19.55 -1.549988 -6.150002 -0.059518 0.087623 -0.037875 0.067973 0.066644
34 58 31 17.25 -1.549988 -6.150002 -0.100253 0.066247 -0.053253 0.112349 0.074803
35 58 31 14.95 -1.549988 -6.150002 -0.134042 0.036142 -0.103422 0.194152 0.075758
36 58 31 12.65 -1.549988 -6.150002 -0.160688 -0.002179 -0.174551 0.250588 0.071626
37 58 31 10.35 -1.549988 -6.150002 -0.184998 -0.035644 -0.18855 0.258716 0.067532
38 58 31 8.049995 -1.549988 -6.150002 -0.201139 -0.050224 -0.185692 0.203525 0.070888
39 58 31 5.75 -1.549988 -6.150002 -0.15929 -0.015538 -0.118744 0.099239 0.063855
40 58 31 3.449997 -1.549988 -6.150002 -0.084985 0.030677 -0.058406 -0.014289 0.048767
29 59 31 28.75 -3.849991 -6.150002 -0.039227 0.06286 -0.055547 0.016584 0.047574
30 59 31 26.45 -3.849991 -6.150002 -0.047352 0.058665 -0.061016 0.041098 0.05536
31 59 31 24.15 -3.849991 -6.150002 -0.036825 0.070791 -0.050609 0.07964 0.063452
32 59 31 21.85 -3.849991 -6.150002 -0.040494 0.101991 -0.045931 0.088293 0.080315
33 59 31 19.55 -3.849991 -6.150002 -0.059715 0.131485 -0.046881 0.073282 0.095864
34 59 31 17.25 -3.849991 -6.150002 -0.07887 0.139976 -0.055185 0.083573 0.104098
35 59 31 14.95 -3.849991 -6.150002 -0.121177 0.098081 -0.116585 0.141648 0.103986
36 59 31 12.65 -3.849991 -6.150002 -0.15252 0.041073 -0.171229 0.214406 0.09092
37 59 31 10.35 -3.849991 -6.150002 -0.199959 0.009176 -0.202256 0.254783 0.098094
38 59 31 8.049995 -3.849991 -6.150002 -0.206577 -0.001668 -0.172336 0.214341 0.107245
39 59 31 5.75 -3.849991 -6.150002 -0.188252 0.017492 -0.121828 0.098977 0.107312
40 59 31 3.449997 -3.849991 -6.150002 -0.148435 0.029992 -0.074394 -0.000524 0.086385
46 59 31 -10.35 -3.849991 -6.150002 -0.19072 -0.040064 -0.147263 0.203066 0.064287
47 59 31 -12.65 -3.849991 -6.150002 -0.152017 -0.031922 -0.130766 0.208835 0.052273
48 59 31 -14.95 -3.849991 -6.150002 -0.129411 -0.031399 -0.147704 0.208376 0.045792
49 59 31 -17.25 -3.849991 -6.150002 -0.112593 -0.00879 -0.161556 0.188318 0.049886
29 60 31 28.75 -6.149994 -6.150002 -0.040909 0.045903 -0.069253 0.012061 0.04568
30 60 31 26.45 -6.149994 -6.150002 -0.038703 0.06159 -0.054779 0.048309 0.055666
31 60 31 24.15 -6.149994 -6.150002 -0.021121 0.079269 -0.054598 0.107891 0.069217
32 60 31 21.85 -6.149994 -6.150002 -0.017845 0.11972 -0.070123 0.115954 0.090152
33 60 31 19.55 -6.149994 -6.150002 -0.044382 0.151791 -0.094699 0.100419 0.110094
34 60 31 17.25 -6.149994 -6.150002 -0.102612 0.129157 -0.128382 0.098452 0.123123
35 60 31 14.95 -6.149994 -6.150002 -0.136663 0.112374 -0.164449 0.107695 0.122497
36 60 31 12.65 -6.149994 -6.150002 -0.16095 0.076755 -0.184064 0.150825 0.11307
37 60 31 10.35 -6.149994 -6.150002 -0.186439 0.050311 -0.1822 0.199265 0.114412
38 60 31 8.049995 -6.149994 -6.150002 -0.208478 0.03623 -0.146664 0.189891 0.127359
39 60 31 5.75 -6.149994 -6.150002 -0.205988 0.04685 -0.098269 0.095831 0.13745
40 60 31 3.449997 -6.149994 -6.150002 -0.178314 0.04919 -0.060586 -0.009767 0.115449
41 60 31 1.150002 -6.149994 -6.150002 -0.153044 0.033802 -0.05627 -0.044114 0.089659
45 60 31 -8.050003 -6.149994 -6.150002 -0.243337 -0.039703 -0.21916 0.25852 0.091755
46 60 31 -10.35 -6.149994 -6.150002 -0.207975 -0.02241 -0.188505 0.273399 0.077607
47 60 31 -12.65 -6.149994 -6.150002 -0.177594 0.003897 -0.181522 0.256619 0.078472
48 60 31 -14.95 -6.149994 -6.150002 -0.158198 0.011666 -0.194776 0.261404 0.080762
49 60 31 -17.25 -6.149994 -6.150002 -0.153699 0.003262 -0.209228 0.25557 0.076168
50 60 31 -19.55 -6.149994 -6.150002 -0.149658 -0.037151 -0.209589 0.263305 0.068322
30 61 31 26.45 -8.449997 -6.150002 -0.047549 0.047584 -0.072982 0.089079 0.068031
31 61 31 24.15 -8.449997 -6.150002 -0.012231 0.07358 -0.083806 0.14899 0.076078
32 61 31 21.85 -8.449997 -6.150002 -0.006487 0.097945 -0.11645 0.167933 0.087497
33 61 31 19.55 -8.449997 -6.150002 -0.046523 0.114416 -0.160483 0.175536 0.103643
34 61 31 17.25 -8.449997 -6.150002 -0.119124 0.096575 -0.205928 0.167671 0.120267
35 61 31 14.95 -8.449997 -6.150002 -0.173706 0.067006 -0.219702 0.152464 0.129888
36 61 31 12.65 -8.449997 -6.150002 -0.159225 0.072073 -0.205318 0.149776 0.116851
37 61 31 10.35 -8.449997 -6.150002 -0.17364 0.067903 -0.168528 0.160329 0.123444
38 61 31 8.049995 -8.449997 -6.150002 -0.194936 0.055116 -0.122563 0.15325 0.135735
39 61 31 5.75 -8.449997 -6.150002 -0.197579 0.068961 -0.06836 0.080624 0.146757
40 61 31 3.449997 -8.449997 -6.150002 -0.174798 0.071538 -0.053931 -0.014617 0.129783
45 61 31 -8.050003 -8.449997 -6.150002 -0.241764 -0.024452 -0.245555 0.329835 0.100212
46 61 31 -10.35 -8.449997 -6.150002 -0.230538 -0.006586 -0.231069 0.355989 0.094783
47 61 31 -12.65 -8.449997 -6.150002 -0.213501 0.018239 -0.219883 0.346026 0.100183
48 61 31 -14.95 -8.449997 -6.150002 -0.183251 0.030216 -0.220968 0.357234 0.103852
49 61 31 -17.25 -8.449997 -6.150002 -0.174601 0.018501 -0.205759 0.353957 0.105664
50 61 31 -19.55 -8.449997 -6.150002 -0.15027 -0.0062 -0.199025 0.315808 0.086728
51 61 31 -21.85 -8.449997 -6.150002 -0.10995 -0.002639 -0.168641 0.245803 0.067353
30 62 31 26.45 -10.74998 -6.150002 -0.071291 0.035047 -0.095445 0.124344 0.072797
31 62 31 24.15 -10.74998 -6.150002 -0.050694 0.051058 -0.118653 0.175143 0.079964
32 62 31 21.85 -10.74998 -6.150002 -0.03001 0.070841 -0.138427 0.20228 0.080792
33 62 31 19.55 -10.74998 -6.150002 -0.053512 0.082482 -0.173692 0.219847 0.092933
34 62 31 17.25 -10.74998 -6.150002 -0.124562 0.06179 -0.223612 0.245869 0.113823
35 62 31 14.95 -10.74998 -6.150002 -0.198409 0.022012 -0.253803 0.252883 0.132677
36 62 31 12.65 -10.74998 -6.150002 -0.206359 0.02048 -0.233894 0.220699 0.129022
37 62 31 10.35 -10.74998 -6.150002 -0.185566 0.035495 -0.173127 0.189498 0.126666
38 62 31 8.049995 -10.74998 -6.150002 -0.18941 0.043787 -0.111049 0.144401 0.133706
39 62 31 5.75 -10.74998 -6.150002 -0.188951 0.055216 -0.068677 0.082066 0.138666
44 62 31 -5.75 -10.74998 -6.150002 -0.14529 0.010072 -0.179997 0.200903 0.079643
45 62 31 -8.050003 -10.74998 -6.150002 -0.210924 -0.003262 -0.235001 0.336325 0.093582
46 62 31 -10.35 -10.74998 -6.150002 -0.238925 -0.009836 -0.250459 0.399578 0.101339
47 62 31 -12.65 -10.74998 -6.150002 -0.237199 0.002577 -0.237103 0.423765 0.113197
48 62 31 -14.95 -10.74998 -6.150002 -0.222434 0.02683 -0.223307 0.429796 0.118522
49 62 31 -17.25 -10.74998 -6.150002 -0.190043 0.031287 -0.188878 0.420094 0.113875
50 62 31 -19.55 -10.74998 -6.150002 -0.126528 0.052315 -0.15637 0.346026 0.096677
51 62 31 -21.85 -10.74998 -6.150002 -0.095688 0.04248 -0.132156 0.233284 0.075027
35 63 31 14.95 -13.04999 -6.150002 -0.198824 0.00381 -0.244063 0.291621 0.123034
36 63 31 12.65 -13.04999 -6.150002 -0.205988 -0.012388 -0.23221 0.265074 0.121057
37 63 31 10.35 -13.04999 -6.150002 -0.198496 -0.00879 -0.179194 0.20405 0.114882
38 63 31 8.049995 -13.04999 -6.150002 -0.199523 0.000946 -0.116043 0.146368 0.123257
44 63 31 -5.75 -13.04999 -6.150002 -0.104687 0.02302 -0.148449 0.125065 0.061483
45 63 31 -8.050003 -13.04999 -6.150002 -0.170102 -0.01433 -0.21542 0.28487 0.079576
46 63 31 -10.35 -13.04999 -6.150002 -0.229882 -0.032109 -0.257939 0.38306 0.095424
47 63 31 -12.65 -13.04999 -6.150002 -0.239667 -0.023593 -0.24134 0.428288 0.101256
48 63 31 -14.95 -13.04999 -6.150002 -0.19356 0.025946 -0.209284 0.436875 0.107141
49 63 31 -17.25 -13.04999 -6.150002 -0.139087 0.055963 -0.156969 0.419439 0.104359
50 63 31 -19.55 -13.04999 -6.150002 -0.084243 0.078834 -0.112608 0.329049 0.090778
51 63 31 -21.85 -13.04999 -6.150002 -0.067621 0.05859 -0.100281 0.200772 0.067733
37 64 31 10.35 -15.34999 -6.150002 -0.144962 -0.009076 -0.128619 0.157839 0.094962
44 64 31 -5.75 -15.34999 -6.150002 -0.061091 0.035333 -0.11358 0.03048 0.054383
45 64 31 -8.050003 -15.34999 -6.150002 -0.132535 -0.011392 -0.18916 0.203656 0.067994
46 64 31 -10.35 -15.34999 -6.150002 -0.194914 -0.037786 -0.235374 0.316333 0.078957
47 64 31 -12.65 -15.34999 -6.150002 -0.198278 -0.005403 -0.22264 0.350221 0.089615
48 64 31 -14.95 -15.34999 -6.150002 -0.165581 0.035333 -0.181511 0.371786 0.091226
49 64 31 -17.25 -15.34999 -6.150002 -0.097632 0.062524 -0.132879 0.365559 0.083536
50 64 31 -19.55 -15.34999 -6.150002 -0.024244 0.100509 -0.082394 0.295423 0.07053
51 64 31 -21.85 -15.34999 -6.150002 -0.01127 0.074763 -0.066304 0.194021 0.050311
44 65 31 -5.75 -17.64999 -6.150002 -0.041346 0.04934 -0.078304 0.001901 0.054965
45 65 31 -8.050003 -17.64999 -6.150002 -0.08658 0.011193 -0.132235 0.137781 0.060618
46 65 31 -10.35 -17.64999 -6.150002 -0.129455 0.001469 -0.166494 0.225549 0.066696
47 65 31 -12.65 -17.64999 -6.150002 -0.128385 0.0342 -0.14602 0.246524 0.064675
48 65 31 -14.95 -17.64999 -6.150002 -0.10342 0.062947 -0.102891 0.249736 0.064504
49 65 31 -17.25 -17.64999 -6.150002 -0.047287 0.09091 -0.049095 0.252293 0.06252
50 65 31 -19.55 -17.64999 -6.150002 0.008518 0.095118 -0.030847 0.235447 0.045538
26 66 31 35.65 -19.95 -6.150002 -0.128232 -0.075012 -0.066982 0.438448 0.032293
27 66 31 33.35 -19.95 -6.150002 -0.118556 -0.088321 -0.092326 0.509239 0.025543
28 66 31 31.05 -19.95 -6.150002 -0.09986 -0.081299 -0.087852 0.51055 0.01904
29 66 31 28.75 -19.95 -6.150002 -0.086514 -0.065002 -0.070711 0.426059 0.014394
30 66 31 26.45 -19.95 -6.150002 -0.05349 -0.008902 -0.025536 0.253341 0.020286
49 66 31 -17.25 -19.95 -6.150002 -0.006858 0.111814 0.027559 0.138502 0.03949
26 67 31 35.65 -22.24998 -6.150002 -0.112615 -0.085084 -0.060067 0.536638 0.020047
27 67 31 33.35 -22.24998 -6.150002 -0.139895 -0.095641 -0.083852 0.613853 0.02356
28 67 31 31.05 -22.24998 -6.150002 -0.125021 -0.066147 -0.060982 0.577736 0.023537
29 67 31 28.75 -22.24998 -6.150002 -0.072143 -0.025162 -0.035965 0.424814 0.023067
30 67 31 26.45 -22.24998 -6.150002 -0.012777 0.034487 -0.000814 0.229154 0.026938
31 67 31 24.15 -22.24998 -6.150002 0.038441 0.109062 0.034598 0.063516 0.036208
25 68 31 37.95 -24.54999 -6.150002 -0.044317 -0.08151 -0.05366 0.427895 -0.007756
26 68 31 35.65 -24.54999 -6.150002 -0.074436 -0.080614 -0.052564 0.527658 0.006928
27 68 31 33.35 -24.54999 -6.150002 -0.104512 -0.077738 -0.051378 0.581997 0.017325
28 68 31 31.05 -24.54999 -6.150002 -0.084767 -0.033889 -0.035581 0.523201 0.019607
29 68 31 28.75 -24.54999 -6.150002 -0.017823 0.035072 -0.00896 0.336783 0.017511
30 68 31 26.45 -24.54999 -6.150002 0.019985 0.073368 0.007141 0.155086 0.027483
31 68 31 24.15 -24.54999 -6.150002 0.04792 0.132718 0.028361 0.040443 0.041541
26 69 31 35.65 -26.84999 -6.150002 -0.056417 -0.057457 -0.031672 0.404166 0.016847
27 69 31 33.35 -26.84999 -6.150002 -0.049187 -0.031138 0.000136 0.399054 0.025133
28 69 31 31.05 -26.84999 -6.150002 -0.009894 0.009512 0.035706 0.323215 0.020315
29 69 31 28.75 -26.84999 -6.150002 0.039621 0.072347 0.044711 0.193824 0.017355
30 69 31 26.45 -26.84999 -6.150002 0.055936 0.109 0.041355 0.080624 0.029735
31 69 31 24.15 -26.84999 -6.150002 0.011532 0.109 0.001842 0.03946 0.045188
27 70 31 33.35 -29.14999 -6.150002 -0.012887 0.02627 0.059592 0.171014 0.038572
28 70 31 31.05 -29.14999 -6.150002 0.048204 0.064205 0.085219 0.09393 0.028109
36 47 32 12.65 23.75001 -3.849998 -0.053446 0.009723 -0.043751 0.106908 0.024902
37 47 32 10.35 23.75001 -3.849998 -0.095207 0.005192 -0.047818 0.128735 0.037804
38 47 32 8.049995 23.75001 -3.849998 -0.131857 -0.000909 -0.046643 0.191399 0.0509
39 47 32 5.75 23.75001 -3.849998 -0.152126 -0.021003 -0.058541 0.206344 0.049021
36 48 32 12.65 21.45001 -3.849998 -0.068167 0.028249 -0.065626 0.145122 0.032509
37 48 32 10.35 21.45001 -3.849998 -0.125545 -0.001519 -0.093162 0.165835 0.042495
38 48 32 8.049995 21.45001 -3.849998 -0.149811 -0.009948 -0.089897 0.200445 0.048954
39 48 32 5.75 21.45001 -3.849998 -0.152563 -0.027589 -0.082586 0.170227 0.050677
40 48 32 3.449997 21.45001 -3.849998 -0.115629 -0.027017 -0.055287 0.039132 0.036484
35 49 32 14.95 19.15001 -3.849998 -0.0185 0.082992 -0.038587 0.144074 0.041899
36 49 32 12.65 19.15001 -3.849998 -0.070483 0.048456 -0.090733 0.170162 0.043301
37 49 32 10.35 19.15001 -3.849998 -0.121898 0.000946 -0.126597 0.193365 0.041809
38 49 32 8.049995 19.15001 -3.849998 -0.142123 -0.024078 -0.125512 0.189301 0.04219
39 49 32 5.75 19.15001 -3.849998 -0.12869 -0.03994 -0.110179 0.143221 0.036432
40 49 32 3.449997 19.15001 -3.849998 -0.085095 -0.02561 -0.045107 -0.002163 0.026886
38 50 32 8.049995 16.85001 -3.849998 -0.136859 -0.058005 -0.149941 0.182681 0.034709
39 50 32 5.75 16.85001 -3.849998 -0.135854 -0.073381 -0.116303 0.120935 0.026431
40 50 32 3.449997 16.85001 -3.849998 -0.072099 -0.02795 -0.041762 -0.004326 0.015841
30 59 32 26.45 -3.849991 -3.849998 -0.029683 0.068625 -0.051332 -0.019533 0.056203
31 59 32 24.15 -3.849991 -3.849998 -0.021121 0.083814 -0.039355 0.013896 0.065332
32 59 32 21.85 -3.849991 -3.849998 -0.02586 0.103846 -0.044293 0.030938 0.074609
33 59 32 19.55 -3.849991 -3.849998 -0.045758 0.115101 -0.042847 0.012978 0.080829
34 59 32 17.25 -3.849991 -3.849998 -0.06725 0.095044 -0.047468 0.023663 0.082589
35 59 32 14.95 -3.849991 -3.849998 -0.079831 0.060818 -0.09262 0.087834 0.071895
36 59 32 12.65 -3.849991 -3.849998 -0.100799 0.015301 -0.154404 0.174947 0.060081
37 59 32 10.35 -3.849991 -3.849998 -0.142822 -0.005789 -0.1775 0.228499 0.06959
38 59 32 8.049995 -3.849991 -3.849998 -0.196334 -0.017716 -0.182132 0.211915 0.089674
39 59 32 5.75 -3.849991 -3.849998 -0.198518 0.001245 -0.134246 0.11366 0.096275
40 59 32 3.449997 -3.849991 -3.849998 -0.159553 0.029681 -0.082247 0.025301 0.085349
46 59 32 -10.35 -3.849991 -3.849998 -0.154616 -0.007458 -0.110834 0.146695 0.05504
47 59 32 -12.65 -3.849991 -3.849998 -0.117005 0.012375 -0.093784 0.125917 0.044919
48 59 32 -14.95 -3.849991 -3.849998 -0.090642 0.006063 -0.099885 0.113856 0.03984
49 59 32 -17.25 -3.849991 -3.849998 -0.073126 0.007507 -0.111467 0.108022 0.041817
50 59 32 -19.55 -3.849991 -3.849998 -0.077603 -0.003312 -0.11523 0.123688 0.048029
30 60 32 26.45 -6.149994 -3.849998 -0.026778 0.075659 -0.064959 0.008718 0.063728
31 60 32 24.15 -6.149994 -3.849998 -0.011489 0.094483 -0.06288 0.055388 0.07716
32 60 32 21.85 -6.149994 -3.849998 -0.010571 0.111279 -0.074846 0.067186 0.086952
33 60 32 19.55 -6.149994 -3.849998 -0.033199 0.119869 -0.100993 0.0664 0.094723
34 60 32 17.25 -6.149994 -3.849998 -0.058623 0.115437 -0.113501 0.057223 0.091158
35 60 32 14.95 -6.149994 -3.849998 -0.069325 0.08537 -0.12019 0.080624 0.078383
36 60 32 12.65 -6.149994 -3.849998 -0.092477 0.053162 -0.143805 0.12087 0.069411
37 60 32 10.35 -6.149994 -3.849998 -0.130569 0.036653 -0.14324 0.182484 0.080203
38 60 32 8.049995 -6.149994 -3.849998 -0.18775 0.033677 -0.13515 0.196184 0.107879
39 60 32 5.75 -6.149994 -3.849998 -0.222041 0.045306 -0.106902 0.122574 0.127255
40 60 32 3.449997 -6.149994 -3.849998 -0.205485 0.055702 -0.084823 0.035527 0.119327
45 60 32 -8.050003 -6.149994 -3.849998 -0.184845 -0.005204 -0.178347 0.250457 0.07484
46 60 32 -10.35 -6.149994 -3.849998 -0.146076 0.005827 -0.139692 0.22083 0.056755
47 60 32 -12.65 -6.149994 -3.849998 -0.118884 0.022784 -0.114043 0.186286 0.05545
48 60 32 -14.95 -6.149994 -3.849998 -0.108028 0.019086 -0.122732 0.180584 0.058828
49 60 32 -17.25 -6.149994 -3.849998 -0.112986 0.000834 -0.137918 0.182288 0.058836
50 60 32 -19.55 -6.149994 -3.849998 -0.129018 -0.027079 -0.161511 0.194021 0.059753
51 60 32 -21.85 -6.149994 -3.849998 -0.120827 -0.018077 -0.155692 0.168457 0.066823
30 61 32 26.45 -8.449997 -3.849998 -0.033374 0.074289 -0.082835 0.050799 0.082112
31 61 32 24.15 -8.449997 -3.849998 0.000721 0.097198 -0.092902 0.092881 0.082433
32 61 32 21.85 -8.449997 -3.849998 0.004456 0.103323 -0.119761 0.123295 0.087236
33 61 32 19.55 -8.449997 -3.849998 -0.01767 0.103995 -0.143489 0.138764 0.087817
34 61 32 17.25 -8.449997 -3.849998 -0.053577 0.094284 -0.155534 0.14427 0.088653
35 61 32 14.95 -8.449997 -3.849998 -0.099597 0.07404 -0.162404 0.138436 0.094604
36 61 32 12.65 -8.449997 -3.849998 -0.108596 0.068027 -0.14654 0.138109 0.094999
37 61 32 10.35 -8.449997 -3.849998 -0.125633 0.070903 -0.129659 0.168457 0.102151
38 61 32 8.049995 -8.449997 -3.849998 -0.174776 0.062761 -0.113071 0.173373 0.12639
39 61 32 5.75 -8.449997 -3.849998 -0.204786 0.078684 -0.074123 0.090062 0.143073
40 61 32 3.449997 -8.449997 -3.849998 -0.202952 0.081635 -0.074823 0.009898 0.134951
45 61 32 -8.050003 -8.449997 -3.849998 -0.176633 0.018414 -0.188369 0.299487 0.085185
46 61 32 -10.35 -8.449997 -3.849998 -0.158395 0.01987 -0.159816 0.299225 0.071678
48 61 32 -14.95 -8.449997 -3.849998 -0.124257 0.037711 -0.132653 0.279364 0.075124
49 61 32 -17.25 -8.449997 -3.849998 -0.129782 0.009313 -0.133907 0.261797 0.075832
50 61 32 -19.55 -8.449997 -3.849998 -0.120303 -0.000946 -0.141862 0.23407 0.076243
51 61 32 -21.85 -8.449997 -3.849998 -0.107723 0.015949 -0.142302 0.175078 0.073446
31 62 32 24.15 -10.74998 -3.849998 -0.030993 0.07236 -0.115523 0.123295 0.08426
32 62 32 21.85 -10.74998 -3.849998 -0.001245 0.084772 -0.129274 0.164 0.07663
33 62 32 19.55 -10.74998 -3.849998 -0.013542 0.082058 -0.14611 0.209883 0.079136
34 62 32 17.25 -10.74998 -3.849998 -0.074327 0.06179 -0.180223 0.250982 0.091479
35 62 32 14.95 -10.74998 -3.849998 -0.132644 0.036603 -0.20064 0.277135 0.104583
36 62 32 12.65 -10.74998 -3.849998 -0.163681 0.029818 -0.191838 0.242002 0.116038
37 62 32 10.35 -10.74998 -3.849998 -0.16783 0.047646 -0.146133 0.200445 0.126412
38 62 32 8.049995 -10.74998 -3.849998 -0.19605 0.059623 -0.114337 0.14604 0.143625
39 62 32 5.75 -10.74998 -3.849998 -0.195809 0.075995 -0.074191 0.067907 0.149614
45 62 32 -8.050003 -10.74998 -3.849998 -0.177419 0.026917 -0.187692 0.304731 0.091666
46 62 32 -10.35 -10.74998 -3.849998 -0.186876 0.007806 -0.183725 0.355989 0.086646
47 62 32 -12.65 -10.74998 -3.849998 -0.176327 0.016496 -0.158427 0.361364 0.085416
48 62 32 -14.95 -10.74998 -3.849998 -0.134872 0.031573 -0.121309 0.363199 0.085408
49 62 32 -17.25 -10.74998 -3.849998 -0.122924 0.032993 -0.097433 0.335145 0.088339
50 62 32 -19.55 -10.74998 -3.849998 -0.098396 0.044434 -0.101569 0.270712 0.081791
51 62 32 -21.85 -10.74998 -3.849998 -0.091188 0.040463 -0.10993 0.169703 0.072342
52 62 32 -24.15 -10.74998 -3.849998 -0.09346 0.041496 -0.113625 0.072561 0.069426
35 63 32 14.95 -13.04999 -3.849998 -0.163462 -0.009163 -0.218245 0.355202 0.108886
36 63 32 12.65 -13.04999 -3.849998 -0.209526 -0.020244 -0.223634 0.312465 0.120371
37 63 32 10.35 -13.04999 -3.849998 -0.203585 0.002926 -0.173206 0.222731 0.128791
38 63 32 8.049995 -13.04999 -3.849998 -0.201226 0.03242 -0.113727 0.146433 0.139285
44 63 32 -5.75 -13.04999 -3.849998 -0.115018 0.040737 -0.136788 0.116609 0.079733
45 63 32 -8.050003 -13.04999 -3.849998 -0.174361 0.002602 -0.199307 0.265992 0.090838
46 63 32 -10.35 -13.04999 -3.849998 -0.215227 -0.027278 -0.223928 0.385223 0.085349
47 63 32 -12.65 -13.04999 -3.849998 -0.199872 -0.014093 -0.190991 0.422979 0.083865
48 63 32 -14.95 -13.04999 -3.849998 -0.124191 0.031324 -0.113049 0.410852 0.077861
49 63 32 -17.25 -13.04999 -3.849998 -0.071225 0.061366 -0.080304 0.374998 0.078823
50 63 32 -19.55 -13.04999 -3.849998 -0.035034 0.078124 -0.052621 0.292932 0.070664
51 63 32 -21.85 -13.04999 -3.849998 -0.051786 0.057619 -0.065897 0.166491 0.060663
44 64 32 -5.75 -15.34999 -3.849998 -0.092652 0.020792 -0.09932 0.027333 0.067882
45 64 32 -8.050003 -15.34999 -3.849998 -0.165493 -0.020157 -0.191884 0.195856 0.085438
46 64 32 -10.35 -15.34999 -3.849998 -0.208914 -0.044272 -0.238854 0.335604 0.07801
47 64 32 -12.65 -15.34999 -3.849998 -0.210618 -0.015475 -0.2002 0.383322 0.076914
48 64 32 -14.95 -15.34999 -3.849998 -0.132098 0.034673 -0.119105 0.380242 0.066957
49 64 32 -17.25 -15.34999 -3.849998 -0.030797 0.07292 -0.056541 0.366214 0.060014
50 64 32 -19.55 -15.34999 -3.849998 0.00747 0.071364 -0.040756 0.291621 0.046873
51 64 32 -21.85 -15.34999 -3.849998 -0.008125 0.051008 -0.057027 0.171997 0.038543
44 65 32 -5.75 -17.64999 -3.849998 -0.074458 0.034225 -0.076326 -0.022614 0.063087
45 65 32 -8.050003 -17.64999 -3.849998 -0.131617 -0.006922 -0.153444 0.124475 0.070149
46 65 32 -10.35 -17.64999 -3.849998 -0.178664 -0.012151 -0.190415 0.233218 0.076802
47 65 32 -12.65 -17.64999 -3.849998 -0.160732 0.022995 -0.139037 0.285394 0.07141
48 65 32 -14.95 -17.64999 -3.849998 -0.101672 0.06296 -0.066564 0.285001 0.056322
49 65 32 -17.25 -17.64999 -3.849998 -0.026494 0.080651 -0.011762 0.279692 0.044897
50 65 32 -19.55 -17.64999 -3.849998 0.048073 0.078622 0.00148 0.251899 0.028415
27 66 32 33.35 -19.95 -3.849998 -0.123601 -0.103348 -0.092642 0.486691 0.025014
28 66 32 31.05 -19.95 -3.849998 -0.090424 -0.090562 -0.08645 0.425142 0.020875
29 66 32 28.75 -19.95 -3.849998 -0.060305 -0.066272 -0.063253 0.310499 0.012007
30 66 32 26.45 -19.95 -3.849998 -0.034619 -0.018899 -0.03348 0.162492 0.01596
26 67 32 35.65 -22.24998 -3.849998 -0.120019 -0.090151 -0.077027 0.607954 0.024775
27 67 32 33.35 -22.24998 -3.849998 -0.128254 -0.095118 -0.091253 0.645578 0.031405
28 67 32 31.05 -22.24998 -3.849998 -0.102502 -0.064217 -0.053604 0.552238 0.023366
29 67 32 28.75 -22.24998 -3.849998 -0.050694 -0.022858 -0.020158 0.370147 0.021703
30 67 32 26.45 -22.24998 -3.849998 0.013848 0.048468 0.022598 0.188908 0.023686
31 67 32 24.15 -22.24998 -3.849998 0.046654 0.119184 0.058745 0.050341 0.036029
26 68 32 35.65 -24.54999 -3.849998 -0.087519 -0.08476 -0.081592 0.6248 0.015602
27 68 32 33.35 -24.54999 -3.849998 -0.102306 -0.074016 -0.063897 0.659736 0.02793
28 68 32 31.05 -24.54999 -3.849998 -0.064345 -0.020082 -0.024576 0.552697 0.024738
29 68 32 28.75 -24.54999 -3.849998 0.007601 0.050672 0.016463 0.338029 0.019943
30 68 32 26.45 -24.54999 -3.849998 0.053883 0.102638 0.046293 0.16695 0.024305
31 68 32 24.15 -24.54999 -3.849998 0.056024 0.157568 0.061999 0.056961 0.039557
26 69 32 35.65 -26.84999 -3.849998 -0.100515 -0.079045 -0.071773 0.520841 0.027072
27 69 32 33.35 -26.84999 -3.849998 -0.083194 -0.043749 -0.032384 0.530345 0.038684
28 69 32 31.05 -26.84999 -3.849998 -0.035209 0.008466 0.014858 0.413802 0.034351
29 69 32 28.75 -26.84999 -3.849998 0.047724 0.078647 0.065197 0.235971 0.022053
30 69 32 26.45 -26.84999 -3.849998 0.06511 0.119446 0.067581 0.108612 0.026565
37 48 33 10.35 21.45001 -1.549995 -0.093242 0.034661 -0.12097 0.173504 0.043636
38 48 33 8.049995 21.45001 -1.549995 -0.113183 0.026905 -0.106507 0.183009 0.051132
39 48 33 5.75 21.45001 -1.549995 -0.107373 0.013197 -0.080507 0.142304 0.044382
36 49 33 12.65 19.15001 -1.549995 -0.046654 0.076904 -0.109139 0.178093 0.050319
37 49 33 10.35 19.15001 -1.549995 -0.0937 0.040052 -0.141399 0.185893 0.047708
38 49 33 8.049995 19.15001 -1.549995 -0.103398 0.020692 -0.133195 0.15915 0.05049
39 49 33 5.75 19.15001 -1.549995 -0.083588 0.011915 -0.101411 0.088424 0.039423
40 49 33 3.449997 19.15001 -1.549995 -0.03748 0.013371 -0.04279 -0.070136 0.017817
37 50 33 10.35 16.85001 -1.549995 -0.071662 0.030341 -0.147579 0.163213 0.049394
38 50 33 8.049995 16.85001 -1.549995 -0.081229 -0.011267 -0.144393 0.140862 0.044658
39 50 33 5.75 16.85001 -1.549995 -0.052813 0.001855 -0.098077 0.06758 0.032218
32 59 33 21.85 -3.849991 -1.549995 -0.04626 0.059287 -0.065875 -0.004523 0.067509
33 59 33 19.55 -3.849991 -1.549995 -0.071968 0.050896 -0.07166 -0.007931 0.069769
34 59 33 17.25 -3.849991 -1.549995 -0.078346 0.03862 -0.070688 0.01193 0.064056
35 59 33 14.95 -3.849991 -1.549995 -0.075288 -0.004806 -0.107874 0.082918 0.043786
36 59 33 12.65 -3.849991 -1.549995 -0.080421 -0.016247 -0.14915 0.174291 0.037968
38 59 33 8.049995 -3.849991 -1.549995 -0.176087 -0.028174 -0.174347 0.264943 0.070485
39 59 33 5.75 -3.849991 -1.549995 -0.208412 -0.026768 -0.145805 0.170162 0.084513
47 59 33 -12.65 -3.849991 -1.549995 -0.147889 0.024004 -0.093388 0.104155 0.062744
48 59 33 -14.95 -3.849991 -1.549995 -0.110169 0.029718 -0.086563 0.091111 0.056434
49 59 33 -17.25 -3.849991 -1.549995 -0.09868 0.021028 -0.095659 0.095568 0.051691
50 59 33 -19.55 -3.849991 -1.549995 -0.099095 -0.004432 -0.097784 0.122705 0.052802
31 60 33 24.15 -6.149994 -1.549995 -0.02728 0.072932 -0.063581 0.020385 0.080359
32 60 33 21.85 -6.149994 -1.549995 -0.03772 0.071413 -0.092089 0.030873 0.084737
33 60 33 19.55 -6.149994 -1.549995 -0.04021 0.076867 -0.095512 0.03415 0.079203
34 60 33 17.25 -6.149994 -1.549995 -0.044884 0.068973 -0.1028 0.037887 0.066517
38 60 33 8.049995 -6.149994 -1.549995 -0.162851 0.016222 -0.144528 0.258389 0.08819
39 60 33 5.75 -6.149994 -1.549995 -0.215707 0.031374 -0.130958 0.185958 0.115844
40 60 33 3.449997 -6.149994 -1.549995 -0.228484 0.04172 -0.12645 0.094913 0.121363
45 60 33 -8.050003 -6.149994 -1.549995 -0.140703 0.043326 -0.135794 0.255242 0.076466
48 60 33 -14.95 -6.149994 -1.549995 -0.11528 0.017592 -0.099332 0.159477 0.05715
49 60 33 -17.25 -6.149994 -1.549995 -0.109382 -0.002527 -0.112902 0.162689 0.057061
50 60 33 -19.55 -6.149994 -1.549995 -0.123579 -0.021925 -0.143478 0.179863 0.067532
51 60 33 -21.85 -6.149994 -1.549995 -0.131333 -0.017106 -0.156246 0.15207 0.075392
31 61 33 24.15 -8.449997 -1.549995 -0.019242 0.078423 -0.092292 0.034937 0.084752
32 61 33 21.85 -8.449997 -1.549995 -0.003997 0.083876 -0.107354 0.057485 0.080702
33 61 33 19.55 -8.449997 -1.549995 -0.023938 0.077315 -0.12254 0.076887 0.077921
34 61 33 17.25 -8.449997 -1.549995 -0.041652 0.075086 -0.1288 0.100812 0.071962
37 61 33 10.35 -8.449997 -1.549995 -0.084308 0.063931 -0.111704 0.191858 0.077615
38 61 33 8.049995 -8.449997 -1.549995 -0.145115 0.056934 -0.11506 0.21362 0.106567
39 61 33 5.75 -8.449997 -1.549995 -0.194717 0.066284 -0.103603 0.148859 0.129604
40 61 33 3.449997 -8.449997 -1.549995 -0.214222 0.065599 -0.113591 0.059255 0.13211
45 61 33 -8.050003 -8.449997 -1.549995 -0.117136 0.05417 -0.12115 0.303682 0.07531
46 61 33 -10.35 -8.449997 -1.549995 -0.126048 0.029793 -0.121761 0.277397 0.064392
49 61 33 -17.25 -8.449997 -1.549995 -0.090206 0.013807 -0.099614 0.217815 0.063706
50 61 33 -19.55 -8.449997 -1.549995 -0.105451 0.007196 -0.139286 0.188384 0.072372
51 61 33 -21.85 -8.449997 -1.549995 -0.117267 0.013085 -0.159941 0.13647 0.080732
52 61 33 -24.15 -8.449997 -1.549995 -0.143324 0.010172 -0.163568 0.07361 0.092173
31 62 33 24.15 -10.74998 -1.549995 -0.040582 0.064068 -0.114732 0.061287 0.083999
32 62 33 21.85 -10.74998 -1.549995 -0.010549 0.069583 -0.110665 0.090128 0.071492
33 62 33 19.55 -10.74998 -1.549995 -0.01981 0.071501 -0.114088 0.144729 0.065369
34 62 33 17.25 -10.74998 -1.549995 -0.050563 0.063458 -0.137048 0.202542 0.075773
35 62 33 14.95 -10.74998 -1.549995 -0.088546 0.051232 -0.152404 0.235709 0.087705
36 62 33 12.65 -10.74998 -1.549995 -0.110496 0.049887 -0.143274 0.239576 0.103979
37 62 33 10.35 -10.74998 -1.549995 -0.130853 0.062611 -0.116653 0.231252 0.115315
38 62 33 8.049995 -10.74998 -1.549995 -0.168486 0.068313 -0.1021 0.182747 0.132192
39 62 33 5.75 -10.74998 -1.549995 -0.18419 0.07348 -0.094269 0.083311 0.139605
45 62 33 -8.050003 -10.74998 -1.549995 -0.135024 0.046837 -0.128856 0.298176 0.081806
46 62 33 -10.35 -10.74998 -1.549995 -0.157609 0.004133 -0.141319 0.341044 0.069419
47 62 33 -12.65 -10.74998 -1.549995 -0.124824 0.008142 -0.101738 0.325903 0.06381
49 62 33 -17.25 -10.74998 -1.549995 -0.069827 0.033267 -0.07427 0.262125 0.06425
50 62 33 -19.55 -10.74998 -1.549995 -0.060479 0.047211 -0.095659 0.199855 0.073267
51 62 33 -21.85 -10.74998 -1.549995 -0.094618 0.034561 -0.126314 0.121525 0.078443
52 62 33 -24.15 -10.74998 -1.549995 -0.123317 0.021663 -0.130709 0.050209 0.082052
36 63 33 12.65 -13.04999 -1.549995 -0.168289 -0.002502 -0.184844 0.320855 0.120908
37 63 33 10.35 -13.04999 -1.549995 -0.185129 0.01936 -0.145692 0.257471 0.13217
45 63 33 -8.050003 -13.04999 -1.549995 -0.15763 0.009487 -0.157681 0.271957 0.094776
46 63 33 -10.35 -13.04999 -1.549995 -0.195089 -0.024166 -0.181036 0.371262 0.084021
47 63 33 -12.65 -13.04999 -1.549995 -0.166302 -0.014131 -0.142088 0.393941 0.070992
48 63 33 -14.95 -13.04999 -1.549995 -0.093657 0.024688 -0.073807 0.349696 0.060305
49 63 33 -17.25 -13.04999 -1.549995 -0.026647 0.060109 -0.043954 0.296144 0.056986
50 63 33 -19.55 -13.04999 -1.549995 -0.013738 0.063209 -0.051061 0.224173 0.058261
51 63 33 -21.85 -13.04999 -1.549995 -0.050236 0.043364 -0.073287 0.133324 0.059119
44 64 33 -5.75 -15.34999 -1.549995 -0.095469 0.031623 -0.071276 0.042803 0.084215
45 64 33 -8.050003 -15.34999 -1.549995 -0.160601 -0.012998 -0.1595 0.208835 0.093262
46 64 33 -10.35 -15.34999 -1.549995 -0.214156 -0.042592 -0.21168 0.349565 0.087512
47 64 33 -12.65 -15.34999 -1.549995 -0.192075 -0.01921 -0.163274 0.393941 0.073878
48 64 33 -14.95 -15.34999 -1.549995 -0.10117 0.035856 -0.078654 0.363003 0.056099
49 64 33 -17.25 -15.34999 -1.549995 -0.011729 0.069745 -0.030293 0.312793 0.043584
50 64 33 -19.55 -15.34999 -1.549995 0.024353 0.062599 -0.036101 0.243247 0.037111
44 65 33 -5.75 -17.64999 -1.549995 -0.11766 0.00696 -0.055909 -0.013568 0.071954
45 65 33 -8.050003 -17.64999 -1.549995 -0.15632 -0.019073 -0.132924 0.127883 0.079636
48 65 33 -14.95 -17.64999 -1.549995 -0.095797 0.057544 -0.048847 0.293784 0.058836
49 65 33 -17.25 -17.64999 -1.549995 0.002228 0.088109 -0.009853 0.250982 0.038476
29 67 33 28.75 -22.24998 -1.549995 -0.015791 -0.016198 -0.028553 0.322232 0.020502
30 67 33 26.45 -22.24998 -1.549995 0.018565 0.034848 0.013085 0.168785 0.025387
28 68 33 31.05 -24.54999 -1.549995 -0.049864 -0.017443 -0.051276 0.53264 0.032106
29 68 33 28.75 -24.54999 -1.549995 0.023764 0.046389 0.009051 0.318496 0.01998
30 68 33 26.45 -24.54999 -1.549995 0.061659 0.095915 0.054801 0.155807 0.024044
38 49 34 8.049995 19.15001 0.75 -0.077035 0.042293 -0.15237 0.155741 0.0617
39 49 34 5.75 19.15001 0.75 -0.036257 0.047273 -0.105569 0.07846 0.047119
48 59 34 -14.95 -3.849991 0.75 -0.150838 0.041969 -0.0741 0.103958 0.07716
50 59 34 -19.55 -3.849991 0.75 -0.150117 -0.010583 -0.123229 0.157314 0.065943
38 60 34 8.049995 -6.149994 0.75 -0.140725 0.009325 -0.146675 0.314235 0.071402
45 60 34 -8.050003 -6.149994 0.75 -0.111632 0.080502 -0.116269 0.27956 0.086989
49 60 34 -17.25 -6.149994 0.75 -0.136619 0.017218 -0.125241 0.17534 0.072558
50 60 34 -19.55 -6.149994 0.75 -0.158002 -0.006835 -0.169997 0.177241 0.085677
51 60 34 -21.85 -6.149994 0.75 -0.165646 -0.00132 -0.180754 0.146106 0.089973
34 61 34 17.25 -8.449997 0.75 -0.048794 0.078286 -0.095354 0.047063 0.079188
37 61 34 10.35 -8.449997 0.75 -0.049624 0.059872 -0.092563 0.258913 0.064623
38 61 34 8.049995 -8.449997 0.75 -0.117093 0.045679 -0.114778 0.274186 0.084722
39 61 34 5.75 -8.449997 0.75 -0.190109 0.060931 -0.143297 0.187007 0.119185
45 61 34 -8.050003 -8.449997 0.75 -0.097959 0.073518 -0.095049 0.310106 0.070164
46 61 34 -10.35 -8.449997 0.75 -0.129651 0.01499 -0.096642 0.311613 0.061245
49 61 34 -17.25 -8.449997 0.75 -0.099051 0.022808 -0.107139 0.195004 0.069135
50 61 34 -19.55 -8.449997 0.75 -0.113205 0.021339 -0.151534 0.166556 0.086833
51 61 34 -21.85 -8.449997 0.75 -0.144591 0.010695 -0.187386 0.11851 0.099728
36 62 34 12.65 -10.74998 0.75 -0.0835 0.075211 -0.117331 0.242526 0.099332
37 62 34 10.35 -10.74998 0.75 -0.101782 0.065363 -0.098089 0.272416 0.107544
38 62 34 8.049995 -10.74998 0.75 -0.140419 0.067629 -0.106134 0.230727 0.118082
46 62 34 -10.35 -10.74998 0.75 -0.134413 0.00198 -0.09636 0.35494 0.06334
47 62 34 -12.65 -10.74998 0.75 -0.126157 -0.016447 -0.080236 0.331081 0.04923
49 62 34 -17.25 -10.74998 0.75 -0.073824 0.031175 -0.082914 0.195856 0.063206
50 62 34 -19.55 -10.74998 0.75 -0.081949 0.040475 -0.112337 0.151022 0.080911
51 62 34 -21.85 -10.74998 0.75 -0.112397 0.022472 -0.142235 0.097731 0.0891
46 63 34 -10.35 -13.04999 0.75 -0.160339 -0.022323 -0.129523 0.38306 0.072521
47 63 34 -12.65 -13.04999 0.75 -0.159487 -0.026058 -0.106653 0.368509 0.063698
48 63 34 -14.95 -13.04999 0.75 -0.107308 0.011031 -0.069705 0.280413 0.056874
49 63 34 -17.25 -13.04999 0.75 -0.052878 0.04919 -0.049412 0.192972 0.061819
50 63 34 -19.55 -13.04999 0.75 -0.045387 0.046974 -0.074609 0.141386 0.062811
46 64 34 -10.35 -15.34999 0.75 -0.18443 -0.028287 -0.16376 0.356513 0.088436
47 64 34 -12.65 -15.34999 0.75 -0.178533 -0.017218 -0.128495 0.373031 0.071865
48 64 34 -14.95 -15.34999 0.75 -0.113729 0.032046 -0.066937 0.293719 0.059074
49 64 34 -17.25 -15.34999 0.75 -0.046129 0.058441 -0.038745 0.20464 0.052899
48 65 34 -14.95 -17.64999 0.75 -0.091669 0.056137 -0.062858 0.240035 0.060111
49 65 34 -17.25 -17.64999 0.75 -0.022759 0.077203 -0.025412 0.167081 0.042548
36 60 36 12.65 -6.149994 5.349998 -0.058535 0.047908 -0.064281 0.248688 0.051572
37 60 36 10.35 -6.149994 5.349998 -0.048182 0.041085 -0.068914 0.308336 0.035358
35 61 36 14.95 -8.449997 5.349998 -0.090773 0.104058 -0.058519 0.085998 0.100966
36 61 36 12.65 -8.449997 5.349998 -0.063057 0.081361 -0.059547 0.190809 0.073878
37 61 36 10.35 -8.449997 5.349998 -0.051262 0.07419 -0.06192 0.260486 0.057941
35 62 36 14.95 -10.74998 5.349998 -0.097108 0.116246 -0.061174 0.038804 0.117724
36 62 36 12.65 -10.74998 5.349998 -0.089048 0.09274 -0.083128 0.149383 0.102838
37 62 36 10.35 -10.74998 5.349998 -0.093329 0.086677 -0.079897 0.203722 0.091397
36 59 37 12.65 -3.849991 7.650002 -0.097588 0.017019 -0.087558 0.215783 0.053376
37 59 37 10.35 -3.849991 7.650002 -0.087519 0.019098 -0.083637 0.242723 0.042988
36 60 37 12.65 -6.149994 7.650002 -0.087497 0.030017 -0.062575 0.210867 0.052064
37 60 37 10.35 -6.149994 7.650002 -0.074873 0.033354 -0.054993 0.25321 0.043651
38 60 37 8.049995 -6.149994 7.650002 -0.082801 0.045107 -0.044011 0.204836 0.047075
35 61 37 14.95 -8.449997 7.650002 -0.102175 0.102439 -0.042677 0.056633 0.102688
36 61 37 12.65 -8.449997 7.650002 -0.074742 0.063433 -0.046632 0.13942 0.069135
37 61 37 10.35 -8.449997 7.650002 -0.065044 0.05224 -0.041366 0.198019 0.055599
38 61 37 8.049995 -8.449997 7.650002 -0.082648 0.065363 -0.039649 0.172456 0.066883
35 62 37 14.95 -10.74998 7.650002 -0.110169 0.124513 -0.03766 -0.01737 0.122034
36 62 37 12.65 -10.74998 7.650002 -0.086645 0.088968 -0.052519 0.06581 0.092986
37 62 37 10.35 -10.74998 7.650002 -0.076445 0.072111 -0.052304 0.113397 0.078734
36 59 38 12.65 -3.849991 9.950005 -0.124235 -0.0157 -0.117297 0.205557 0.051467
37 59 38 10.35 -3.849991 9.950005 -0.096976 0.002204 -0.087219 0.218011 0.041981
35 60 38 14.95 -6.149994 9.950005 -0.144744 0.016994 -0.110405 0.148334 0.073744
36 60 38 12.65 -6.149994 9.950005 -0.118534 -0.016658 -0.095682 0.192251 0.049103
37 60 38 10.35 -6.149994 9.950005 -0.088415 0.000847 -0.068168 0.200641 0.0416
38 60 38 8.049995 -6.149994 9.950005 -0.102131 0.044297 -0.046406 0.124671 0.052332
35 61 38 14.95 -8.449997 9.950005 -0.129739 0.062624 -0.066089 0.057551 0.092904
36 61 38 12.65 -8.449997 9.950005 -0.091385 0.029469 -0.065671 0.100681 0.061327
37 61 38 10.35 -8.449997 9.950005 -0.074654 0.031175 -0.048971 0.142828 0.052638
38 61 38 8.049995 -8.449997 9.950005 -0.09726 0.042816 -0.042011 0.102058 0.064123
35 62 38 14.95 -10.74998 9.950005 -0.105844 0.120915 -0.035333 -0.064499 0.116597
36 62 38 12.65 -10.74998 9.950005 -0.070199 0.086167 -0.033073 -0.018222 0.085185
37 62 38 10.35 -10.74998 9.950005 -0.061091 0.058055 -0.037977 0.0371 0.0678
36 59 39 12.65 -3.849991 12.25 -0.109448 -0.035271 -0.141794 0.162427 0.040251
37 59 39 10.35 -3.849991 12.25 -0.085728 0.000797 -0.101524 0.141189 0.044755
38 59 39 8.049995 -3.849991 12.25 -0.104927 0.068326 -0.042948 0.061287 0.060805
36 60 39 12.65 -6.149994 12.25 -0.129346 -0.047323 -0.13393 0.141452 0.03864
37 60 39 10.35 -6.149994 12.25 -0.099947 -0.008391 -0.095625 0.130505 0.045993
38 60 39 8.049995 -6.149994 12.25 -0.101607 0.056374 -0.045095 0.039853 0.06073
36 61 39 12.65 -8.449997 12.25 -0.114668 -0.006449 -0.095603 0.048767 0.052959
37 61 39 10.35 -8.449997 12.25 -0.085029 0.007557 -0.072281 0.056043 0.04873
38 61 39 8.049995 -8.449997 12.25 -0.087039 0.048804 -0.036067 -0.003081 0.063997
37 59 40 10.35 -3.849991 14.55 -0.042504 0.038969 -0.079196 0.005178 0.045195
38 59 40 8.049995 -3.849991 14.55 -0.048423 0.09401 0.004249 -0.054994 0.061066
36 60 40 12.65 -6.149994 14.55 -0.110911 -0.041558 -0.131523 0.006161 0.034284
37 60 40 10.35 -6.149994 14.55 -0.073715 0.015202 -0.085897 -0.039984 0.046955
38 60 40 8.049995 -6.149994 14.55 -0.077013 0.068214 -0.022734 -0.072168 0.063236
37 61 40 10.35 -8.449997 14.55 -0.065787 0.043737 -0.050745 -0.096748 0.054182
37 59 41 10.35 -3.849991 16.85 -0.027171 0.062362 -0.03453 -0.151284 0.051572
38 59 41 8.049995 -3.849991 16.85 -0.036454 0.080452 0.015887 -0.133783 0.056897
38 60 41 8.049995 -6.149994 16.85 -0.060173 0.084362 -0.00983 -0.150301 0.06774
