31 21 25 24.15 83.55 -19.95 -0.057061 0.143891
31 22 25 24.15 81.25001 -19.95 -0.069717 0.214173
33 58 25 19.55 -1.549988 -19.95 0.023578 0.023001
34 58 25 17.25 -1.549988 -19.95 0.046372 0.014986
30 18 26 26.45 90.45001 -17.65 -0.164663 0.10244
31 18 26 24.15 90.45001 -17.65 -0.16458 0.147532
30 19 26 26.45 88.15001 -17.65 -0.088205 0.07255
31 19 26 24.15 88.15001 -17.65 -0.180716 0.140929
30 20 26 26.45 85.85001 -17.65 -0.040113 0.034618
31 20 26 24.15 85.85001 -17.65 -0.071491 0.061695
30 21 26 26.45 83.55 -17.65 -0.033882 0.049141
31 21 26 24.15 83.55 -17.65 -0.058313 0.097644
32 21 26 21.85 83.55 -17.65 -0.097931 0.150127
31 22 26 24.15 81.25001 -17.65 -0.091452 0.178889
32 22 26 21.85 81.25001 -17.65 -0.134688 0.222338
33 57 26 19.55 0.750015 -17.65 0.021707 0.000842
34 57 26 17.25 0.750015 -17.65 0.043264 -0.012771
32 58 26 21.85 -1.549988 -17.65 -0.007016 0.038435
33 58 26 19.55 -1.549988 -17.65 0.016342 0.023817
34 58 26 17.25 -1.549988 -17.65 0.053044 0.002921
35 58 26 14.95 -1.549988 -17.65 0.044928 0.020271
46 58 26 -10.35 -1.549988 -17.65 -0.06365 0.114572
47 58 26 -12.65 -1.549988 -17.65 -0.049949 0.108255
48 58 26 -14.95 -1.549988 -17.65 -0.039577 0.089207
32 59 26 21.85 -3.849991 -17.65 -0.038009 0.074316
33 59 26 19.55 -3.849991 -17.65 -0.004663 0.101434
34 59 26 17.25 -3.849991 -17.65 0.028255 0.082563
35 59 26 14.95 -3.849991 -17.65 0.029287 0.056016
46 59 26 -10.35 -3.849991 -17.65 -0.031323 0.160086
47 59 26 -12.65 -3.849991 -17.65 -0.045217 0.149448
48 59 26 -14.95 -3.849991 -17.65 -0.064146 0.104885
33 60 26 19.55 -6.149994 -17.65 -0.021694 0.10801
34 60 26 17.25 -6.149994 -17.65 0.006631 0.073338
35 60 26 14.95 -6.149994 -17.65 -0.012504 0.070825
36 60 26 12.65 -6.149994 -17.65 0.005117 0.0849
46 60 26 -10.35 -6.149994 -17.65 0.038036 0.100212
47 60 26 -12.65 -6.149994 -17.65 0.018516 0.072401
48 60 26 -14.95 -6.149994 -17.65 0.002325 0.052171
34 61 26 17.25 -8.449997 -17.65 0.000702 0.074615
35 61 26 14.95 -8.449997 -17.65 0.005062 0.058584
48 61 26 -14.95 -8.449997 -17.65 0.038284 0.003777
31 17 27 24.15 92.75001 -15.35 -0.180042 0.16139
30 18 27 26.45 90.45001 -15.35 -0.190497 0.144353
31 18 27 24.15 90.45001 -15.35 -0.215506 0.168577
29 19 27 28.75 88.15001 -15.35 -0.092552 0.115455
30 19 27 26.45 88.15001 -15.35 -0.150274 0.149108
31 19 27 24.15 88.15001 -15.35 -0.211379 0.161947
30 20 27 26.45 85.85001 -15.35 -0.082194 0.049209
31 20 27 24.15 85.85001 -15.35 -0.145253 0.116135
30 21 27 26.45 83.55 -15.35 -0.081093 0.048448
31 21 27 24.15 83.55 -15.35 -0.118056 0.111746
52 56 27 -24.15 3.050003 -15.35 -0.04944 0.048503
53 56 27 -26.45 3.050003 -15.35 -0.052315 0.06145
32 57 27 21.85 0.750015 -15.35 -0.001678 0.031982
33 57 27 19.55 0.750015 -15.35 0.01875 0.011589
34 57 27 17.25 0.750015 -15.35 0.035945 -0.010624
35 57 27 14.95 0.750015 -15.35 0.031736 -0.001372
36 57 27 12.65 0.750015 -15.35 0.02926 0.006807
46 57 27 -10.35 0.750015 -15.35 -0.051338 0.100701
47 57 27 -12.65 0.750015 -15.35 -0.043002 0.097386
51 57 27 -21.85 0.750015 -15.35 0.030071 0.008505
52 57 27 -24.15 0.750015 -15.35 0.004154 0.01845
53 57 27 -26.45 0.750015 -15.35 -0.01842 0.033259
31 58 27 24.15 -1.549988 -15.35 -0.048271 0.065648
32 58 27 21.85 -1.549988 -15.35 -0.021061 0.064738
33 58 27 19.55 -1.549988 -15.35 0.006562 0.051424
34 58 27 17.25 -1.549988 -15.35 0.034253 0.026153
35 58 27 14.95 -1.549988 -15.35 0.030525 0.040691
36 58 27 12.65 -1.549988 -15.35 0.030883 0.055146
45 58 27 -8.050003 -1.549988 -15.35 -0.047487 0.129857
46 58 27 -10.35 -1.549988 -15.35 -0.07881 0.160453
47 58 27 -12.65 -1.549988 -15.35 -0.08174 0.175914
48 58 27 -14.95 -1.549988 -15.35 -0.068025 0.142505
51 58 27 -21.85 -1.549988 -15.35 0.008323 0.031534
52 58 27 -24.15 -1.549988 -15.35 0.008254 0.012295
31 59 27 24.15 -3.849991 -15.35 -0.072042 0.089927
32 59 27 21.85 -3.849991 -15.35 -0.054778 0.103269
33 59 27 19.55 -3.849991 -15.35 -0.005626 0.081055
34 59 27 17.25 -3.849991 -15.35 0.028957 0.065635
35 59 27 14.95 -3.849991 -15.35 0.029851 0.082441
36 59 27 12.65 -3.849991 -15.35 0.017567 0.095511
37 59 27 10.35 -3.849991 -15.35 -0.018736 0.163415
38 59 27 8.049995 -3.849991 -15.35 -0.018447 0.094288
45 59 27 -8.050003 -3.849991 -15.35 -0.044213 0.137139
46 59 27 -10.35 -3.849991 -15.35 -0.067461 0.159556
47 59 27 -12.65 -3.849991 -15.35 -0.088136 0.174976
48 59 27 -14.95 -3.849991 -15.35 -0.091864 0.175221
49 59 27 -17.25 -3.849991 -15.35 -0.068231 0.146826
31 60 27 24.15 -6.149994 -15.35 -0.07676 0.104532
32 60 27 21.85 -6.149994 -15.35 -0.064434 0.160955
33 60 27 19.55 -6.149994 -15.35 -0.01311 0.098799
34 60 27 17.25 -6.149994 -15.35 0.013495 0.094505
35 60 27 14.95 -6.149994 -15.35 5.502512e-05 0.115741
36 60 27 12.65 -6.149994 -15.35 0.003288 0.122411
37 60 27 10.35 -6.149994 -15.35 -0.029287 0.150209
38 60 27 8.049995 -6.149994 -15.35 -0.013605 0.090783
39 60 27 5.75 -6.149994 -15.35 0.023083 0.039848
45 60 27 -8.050003 -6.149994 -15.35 0.021872 0.141595
46 60 27 -10.35 -6.149994 -15.35 -0.011954 0.143253
47 60 27 -12.65 -6.149994 -15.35 -0.059042 0.13794
48 60 27 -14.95 -6.149994 -15.35 -0.054791 0.123947
49 60 27 -17.25 -6.149994 -15.35 -0.03622 0.101462
31 61 27 24.15 -8.449997 -15.35 -0.072344 0.111733
32 61 27 21.85 -8.449997 -15.35 -0.075247 0.15688
33 61 27 19.55 -8.449997 -15.35 -0.011995 0.116474
34 61 27 17.25 -8.449997 -15.35 0.028874 0.097685
35 61 27 14.95 -8.449997 -15.35 0.008529 0.10551
36 61 27 12.65 -8.449997 -15.35 -0.019094 0.137764
37 61 27 10.35 -8.449997 -15.35 -0.028558 0.142478
38 61 27 8.049995 -8.449997 -15.35 -0.007704 0.064358
39 61 27 5.75 -8.449997 -15.35 0.013646 0.025325
46 61 27 -10.35 -8.449997 -15.35 0.027678 0.10388
47 61 27 -12.65 -8.449997 -15.35 -0.01029 0.10816
48 61 27 -14.95 -8.449997 -15.35 -0.008102 0.087019
49 61 27 -17.25 -8.449997 -15.35 0.020015 0.07342
32 62 27 21.85 -10.74998 -15.35 -0.067144 0.149299
33 62 27 19.55 -10.74998 -15.35 -0.014238 0.133484
34 62 27 17.25 -10.74998 -15.35 0.031199 0.087984
35 62 27 14.95 -10.74998 -15.35 0.049014 0.085457
36 62 27 12.65 -10.74998 -15.35 0.047267 0.085348
37 62 27 10.35 -10.74998 -15.35 0.024307 0.068991
38 62 27 8.049995 -10.74998 -15.35 0.021364 0.01989
39 62 27 5.75 -10.74998 -15.35 0.023881 -0.008247
26 70 27 35.65 -29.14999 -15.35 -0.006837 0.048856
27 70 27 33.35 -29.14999 -15.35 -0.020359 0.063162
26 71 27 35.65 -31.45 -15.35 -0.028806 0.08649
27 71 27 33.35 -31.45 -15.35 -0.041283 0.083677
25 72 27 37.95 -33.74998 -15.35 -0.047569 0.129408
26 72 27 35.65 -33.74998 -15.35 -0.037596 0.096897
26 73 27 35.65 -36.04999 -15.35 -0.061601 0.117425
30 17 28 26.45 92.75001 -13.05 -0.161402 0.158048
29 18 28 28.75 90.45001 -13.05 -0.146491 0.163252
30 18 28 26.45 90.45001 -13.05 -0.183206 0.164257
31 18 28 24.15 90.45001 -13.05 -0.140493 0.118743
29 19 28 28.75 88.15001 -13.05 -0.097601 0.118322
30 19 28 26.45 88.15001 -13.05 -0.168404 0.141337
31 19 28 24.15 88.15001 -13.05 -0.14041 0.133566
30 20 28 26.45 85.85001 -13.05 -0.098357 0.099424
31 20 28 24.15 85.85001 -13.05 -0.120959 0.122724
52 55 28 -24.15 5.350006 -13.05 -0.134701 0.106733
53 55 28 -26.45 5.350006 -13.05 -0.123972 0.111543
51 56 28 -21.85 3.050003 -13.05 -0.026219 -0.008451
52 56 28 -24.15 3.050003 -13.05 -0.065494 0.03652
53 56 28 -26.45 3.050003 -13.05 -0.089237 0.090484
54 56 28 -28.75 3.050003 -13.05 -0.031406 0.053543
32 57 28 21.85 0.750015 -13.05 -0.024156 0.05228
33 57 28 19.55 0.750015 -13.05 0.017773 0.043625
34 57 28 17.25 0.750015 -13.05 0.031048 0.038109
35 57 28 14.95 0.750015 -13.05 0.023647 0.023477
36 57 28 12.65 0.750015 -13.05 0.015531 0.030107
46 57 28 -10.35 0.750015 -13.05 -0.025876 0.094573
47 57 28 -12.65 0.750015 -13.05 -0.028077 0.10585
50 57 28 -19.55 0.750015 -13.05 0.001513 0.051573
51 57 28 -21.85 0.750015 -13.05 0.022918 0.031017
52 57 28 -24.15 0.750015 -13.05 0.024142 0.068461
53 57 28 -26.45 0.750015 -13.05 0.001967 0.094044
54 57 28 -28.75 0.750015 -13.05 -0.013536 0.070227
30 58 28 26.45 -1.549988 -13.05 -0.064201 0.130916
31 58 28 24.15 -1.549988 -13.05 -0.085509 0.125957
32 58 28 21.85 -1.549988 -13.05 -0.055231 0.092753
33 58 28 19.55 -1.549988 -13.05 -0.003948 0.078678
34 58 28 17.25 -1.549988 -13.05 0.019341 0.07827
35 58 28 14.95 -1.549988 -13.05 0.017814 0.088949
36 58 28 12.65 -1.549988 -13.05 0.011872 0.084819
37 58 28 10.35 -1.549988 -13.05 -0.003797 0.091761
38 58 28 8.049995 -1.549988 -13.05 -0.0026 0.099723
45 58 28 -8.050003 -1.549988 -13.05 -0.020827 0.147492
46 58 28 -10.35 -1.549988 -13.05 -0.062261 0.176199
47 58 28 -12.65 -1.549988 -13.05 -0.070171 0.17552
48 58 28 -14.95 -1.549988 -13.05 -0.086183 0.17067
49 58 28 -17.25 -1.549988 -13.05 -0.056277 0.155426
50 58 28 -19.55 -1.549988 -13.05 -0.032534 0.129599
51 58 28 -21.85 -1.549988 -13.05 -0.005984 0.094872
52 58 28 -24.15 -1.549988 -13.05 0.016796 0.075512
53 58 28 -26.45 -1.549988 -13.05 0.013701 0.051369
30 59 28 26.45 -3.849991 -13.05 -0.053429 0.123838
31 59 28 24.15 -3.849991 -13.05 -0.09584 0.140658
32 59 28 21.85 -3.849991 -13.05 -0.081313 0.13127
33 59 28 19.55 -3.849991 -13.05 -0.019699 0.101924
34 59 28 17.25 -3.849991 -13.05 0.005778 0.108866
35 59 28 14.95 -3.849991 -13.05 0.000578 0.13396
36 59 28 12.65 -3.849991 -13.05 -0.011597 0.140943
37 59 28 10.35 -3.849991 -13.05 -0.026495 0.162219
38 59 28 8.049995 -3.849991 -13.05 -0.012037 0.146255
39 59 28 5.75 -3.849991 -13.05 0.002421 0.054453
44 59 28 -5.75 -3.849991 -13.05 0.028984 0.132547
45 59 28 -8.050003 -3.849991 -13.05 -0.030553 0.169134
46 59 28 -10.35 -3.849991 -13.05 -0.075577 0.190791
47 59 28 -12.65 -3.849991 -13.05 -0.098316 0.197027
48 59 28 -14.95 -3.849991 -13.05 -0.126613 0.190274
49 59 28 -17.25 -3.849991 -13.05 -0.10961 0.211306
50 59 28 -19.55 -3.849991 -13.05 -0.076457 0.208521
51 59 28 -21.85 -3.849991 -13.05 -0.047445 0.144693
30 60 28 26.45 -6.149994 -13.05 -0.062178 0.117113
31 60 28 24.15 -6.149994 -13.05 -0.088123 0.14188
32 60 28 21.85 -6.149994 -13.05 -0.085757 0.154733
33 60 28 19.55 -6.149994 -13.05 -0.036839 0.14169
34 60 28 17.25 -6.149994 -13.05 -0.007456 0.135644
35 60 28 14.95 -6.149994 -13.05 -0.014802 0.152138
36 60 28 12.65 -6.149994 -13.05 -0.01897 0.156567
37 60 28 10.35 -6.149994 -13.05 -0.042947 0.159529
38 60 28 8.049995 -6.149994 -13.05 -0.02926 0.148184
39 60 28 5.75 -6.149994 -13.05 -0.001596 0.090892
40 60 28 3.449997 -6.149994 -13.05 0.039425 0.021453
44 60 28 -5.75 -6.149994 -13.05 0.055245 0.132601
45 60 28 -8.050003 -6.149994 -13.05 -0.012628 0.178944
46 60 28 -10.35 -6.149994 -13.05 -0.057185 0.191552
47 60 28 -12.65 -6.149994 -13.05 -0.07599 0.177259
48 60 28 -14.95 -6.149994 -13.05 -0.083817 0.181837
49 60 28 -17.25 -6.149994 -13.05 -0.096542 0.20882
50 60 28 -19.55 -6.149994 -13.05 -0.083803 0.196497
30 61 28 26.45 -8.449997 -13.05 -0.05563 0.111434
31 61 28 24.15 -8.449997 -13.05 -0.091094 0.158551
32 61 28 21.85 -8.449997 -13.05 -0.090076 0.165357
33 61 28 19.55 -8.449997 -13.05 -0.027031 0.137275
34 61 28 17.25 -8.449997 -13.05 0.001802 0.139462
35 61 28 14.95 -8.449997 -13.05 -0.003838 0.142179
36 61 28 12.65 -8.449997 -13.05 -0.018021 0.151785
37 61 28 10.35 -8.449997 -13.05 -0.045588 0.15567
38 61 28 8.049995 -8.449997 -13.05 -0.015875 0.132696
39 61 28 5.75 -8.449997 -13.05 0.009409 0.067265
40 61 28 3.449997 -8.449997 -13.05 0.046042 0.004769
44 61 28 -5.75 -8.449997 -13.05 0.048725 0.078827
45 61 28 -8.050003 -8.449997 -13.05 -0.003384 0.138267
46 61 28 -10.35 -8.449997 -13.05 -0.020125 0.145766
47 61 28 -12.65 -8.449997 -13.05 -0.03556 0.155331
48 61 28 -14.95 -8.449997 -13.05 -0.046084 0.181131
49 61 28 -17.25 -8.449997 -13.05 -0.059014 0.227052
31 62 28 24.15 -10.74998 -13.05 -0.105057 0.164719
32 62 28 21.85 -10.74998 -13.05 -0.085908 0.157899
33 62 28 19.55 -10.74998 -13.05 -0.036289 0.126691
34 62 28 17.25 -10.74998 -13.05 -0.018764 0.129232
35 62 28 14.95 -10.74998 -13.05 -0.005901 0.129436
36 62 28 12.65 -10.74998 -13.05 0.00205 0.121596
37 62 28 10.35 -10.74998 -13.05 -0.032988 0.115224
38 62 28 8.049995 -10.74998 -13.05 -0.00758 0.0838
39 62 28 5.75 -10.74998 -13.05 -0.004113 0.037484
40 62 28 3.449997 -10.74998 -13.05 0.010799 0.001168
45 62 28 -8.050003 -10.74998 -13.05 -0.012903 0.097263
46 62 28 -10.35 -10.74998 -13.05 -0.022326 0.127479
47 62 28 -12.65 -10.74998 -13.05 -0.023386 0.139978
48 62 28 -14.95 -10.74998 -13.05 -0.022478 0.156744
27 68 28 33.35 -24.54999 -13.05 -0.000894 0.025977
28 68 28 31.05 -24.54999 -13.05 0.051173 0.03099
29 68 28 28.75 -24.54999 -13.05 0.034996 0.064738
26 69 28 35.65 -26.84999 -13.05 0.049096 0.028354
27 69 28 33.35 -26.84999 -13.05 0.020359 0.031275
28 69 28 31.05 -26.84999 -13.05 0.028998 0.040419
29 69 28 28.75 -26.84999 -13.05 0.016067 0.064127
26 70 28 35.65 -29.14999 -13.05 0.003962 0.048598
27 70 28 33.35 -29.14999 -13.05 -0.006961 0.054141
28 70 28 31.05 -29.14999 -13.05 0.007153 0.062007
25 71 28 37.95 -31.45 -13.05 -0.012835 0.081897
26 71 28 35.65 -31.45 -13.05 -0.012367 0.065513
27 71 28 33.35 -31.45 -13.05 -0.030085 0.052429
25 72 28 37.95 -33.74998 -13.05 -0.040856 0.134924
26 72 28 35.65 -33.74998 -13.05 -0.027389 0.099193
27 72 28 33.35 -33.74998 -13.05 -0.039522 0.065377
26 73 28 35.65 -36.04999 -13.05 -0.063568 0.139109
29 18 29 28.75 90.45001 -10.75 -0.179602 0.192842
30 18 29 26.45 90.45001 -10.75 -0.192877 0.179895
29 19 29 28.75 88.15001 -10.75 -0.144689 0.165969
30 19 29 26.45 88.15001 -10.75 -0.159243 0.166988
31 19 29 24.15 88.15001 -10.75 -0.142446 0.132927
26 20 29 35.65 85.85001 -10.75 -0.166726 0.203195
27 20 29 33.35 85.85001 -10.75 -0.125705 0.168537
28 20 29 31.05 85.85001 -10.75 -0.114438 0.123213
25 21 29 37.95 83.55 -10.75 -0.185049 0.193766
26 21 29 35.65 83.55 -10.75 -0.16923 0.137112
27 21 29 33.35 83.55 -10.75 -0.116075 0.116963
28 21 29 31.05 83.55 -10.75 -0.112348 0.097236
25 22 29 37.95 81.25001 -10.75 -0.16066 0.115442
26 22 29 35.65 81.25001 -10.75 -0.150728 0.046818
27 22 29 33.35 81.25001 -10.75 -0.138842 0.048136
28 22 29 31.05 81.25001 -10.75 -0.139778 0.056586
36 47 29 12.65 23.75001 -10.75 -0.039343 0.056913
37 47 29 10.35 23.75001 -10.75 -0.02571 0.066233
38 47 29 8.049995 23.75001 -10.75 -0.032424 0.075594
39 47 29 5.75 23.75001 -10.75 -0.047954 0.08452
36 48 29 12.65 21.45001 -10.75 -0.062233 0.086299
37 48 29 10.35 21.45001 -10.75 -0.04911 0.096462
38 48 29 8.049995 21.45001 -10.75 -0.037211 0.093242
35 49 29 14.95 19.15001 -10.75 -0.016067 0.058285
36 49 29 12.65 19.15001 -10.75 -0.043717 0.082074
37 49 29 10.35 19.15001 -10.75 -0.036688 0.092726
38 49 29 8.049995 19.15001 -10.75 -0.022189 0.114817
36 50 29 12.65 16.85001 -10.75 -0.008653 0.064045
37 50 29 10.35 16.85001 -10.75 -0.02373 0.083677
38 50 29 8.049995 16.85001 -10.75 -0.036949 0.105008
39 50 29 5.75 16.85001 -10.75 -0.065631 0.111135
52 55 29 -24.15 5.350006 -10.75 -0.063609 0.086829
53 55 29 -26.45 5.350006 -10.75 -0.076361 0.100687
51 56 29 -21.85 3.050003 -10.75 -0.009368 0.007948
52 56 29 -24.15 3.050003 -10.75 -0.007511 0.016195
53 56 29 -26.45 3.050003 -10.75 0.008708 0.038245
54 56 29 -28.75 3.050003 -10.75 0.01399 0.071884
30 57 29 26.45 0.750015 -10.75 -0.118263 0.154543
31 57 29 24.15 0.750015 -10.75 -0.088233 0.118893
32 57 29 21.85 0.750015 -10.75 -0.04867 0.089845
33 57 29 19.55 0.750015 -10.75 0.008034 0.110945
34 57 29 17.25 0.750015 -10.75 0.041737 0.073854
35 57 29 14.95 0.750015 -10.75 0.045231 0.059372
36 57 29 12.65 0.750015 -10.75 0.029576 0.044372
37 57 29 10.35 0.750015 -10.75 -0.016508 0.050459
50 57 29 -19.55 0.750015 -10.75 -0.016975 0.067646
51 57 29 -21.85 0.750015 -10.75 -0.001252 0.031466
52 57 29 -24.15 0.750015 -10.75 0.036592 0.026534
53 57 29 -26.45 0.750015 -10.75 0.023001 0.067985
54 57 29 -28.75 0.750015 -10.75 0.018337 0.086327
29 58 29 28.75 -1.549988 -10.75 -0.084051 0.165249
30 58 29 26.45 -1.549988 -10.75 -0.107698 0.15692
31 58 29 24.15 -1.549988 -10.75 -0.100159 0.14832
32 58 29 21.85 -1.549988 -10.75 -0.06786 0.121352
33 58 29 19.55 -1.549988 -10.75 -0.009987 0.097834
34 58 29 17.25 -1.549988 -10.75 0.028531 0.099858
35 58 29 14.95 -1.549988 -10.75 0.031337 0.113879
36 58 29 12.65 -1.549988 -10.75 -0.006094 0.118607
37 58 29 10.35 -1.549988 -10.75 0.00011 0.115727
38 58 29 8.049995 -1.549988 -10.75 0.012449 0.112032
39 58 29 5.75 -1.549988 -10.75 0.033813 0.067618
40 58 29 3.449997 -1.549988 -10.75 0.02406 0.039644
44 58 29 -5.75 -1.549988 -10.75 0.049743 0.080688
45 58 29 -8.050003 -1.549988 -10.75 0.024294 0.131555
46 58 29 -10.35 -1.549988 -10.75 -0.026178 0.143592
47 58 29 -12.65 -1.549988 -10.75 -0.045079 0.137913
50 58 29 -19.55 -1.549988 -10.75 -0.046868 0.13737
51 58 29 -21.85 -1.549988 -10.75 -0.027705 0.113621
52 58 29 -24.15 -1.549988 -10.75 -0.004072 0.095321
53 58 29 -26.45 -1.549988 -10.75 -0.011954 0.101679
56 58 29 -33.35001 -1.549988 -10.75 -0.006603 0.072577
57 58 29 -35.64999 -1.549988 -10.75 0.001458 0.050391
29 59 29 28.75 -3.849991 -10.75 -0.073321 0.122126
30 59 29 26.45 -3.849991 -10.75 -0.093433 0.146581
31 59 29 24.15 -3.849991 -10.75 -0.096487 0.172069
32 59 29 21.85 -3.849991 -10.75 -0.068754 0.155209
33 59 29 19.55 -3.849991 -10.75 -0.020662 0.139843
34 59 29 17.25 -3.849991 -10.75 0.005062 0.153171
35 59 29 14.95 -3.849991 -10.75 -0.004209 0.190709
36 59 29 12.65 -3.849991 -10.75 -0.013894 0.184976
37 59 29 10.35 -3.849991 -10.75 -0.015476 0.159869
38 59 29 8.049995 -3.849991 -10.75 -0.015242 0.137098
39 59 29 5.75 -3.849991 -10.75 0.012436 0.096448
40 59 29 3.449997 -3.849991 -10.75 0.012711 0.032797
41 59 29 1.150002 -3.849991 -10.75 0.010193 0.005176
42 59 29 -1.150002 -3.849991 -10.75 0.031089 0.024781
43 59 29 -3.450005 -3.849991 -10.75 0.032341 0.066667
44 59 29 -5.75 -3.849991 -10.75 0.017154 0.13718
45 59 29 -8.050003 -3.849991 -10.75 0.006479 0.166077
46 59 29 -10.35 -3.849991 -10.75 -0.059647 0.186253
47 59 29 -12.65 -3.849991 -10.75 -0.090723 0.190791
48 59 29 -14.95 -3.849991 -10.75 -0.104451 0.201306
49 59 29 -17.25 -3.849991 -10.75 -0.114191 0.230327
29 60 29 28.75 -6.149994 -10.75 -0.067447 0.120278
30 60 29 26.45 -6.149994 -10.75 -0.095757 0.152736
31 60 29 24.15 -6.149994 -10.75 -0.108042 0.171267
32 60 29 21.85 -6.149994 -10.75 -0.099664 0.162993
33 60 29 19.55 -6.149994 -10.75 -0.071932 0.171281
34 60 29 17.25 -6.149994 -10.75 -0.028544 0.177436
35 60 29 14.95 -6.149994 -10.75 -0.036179 0.188318
36 60 29 12.65 -6.149994 -10.75 -0.037335 0.204635
37 60 29 10.35 -6.149994 -10.75 -0.057075 0.187394
38 60 29 8.049995 -6.149994 -10.75 -0.047941 0.149638
39 60 29 5.75 -6.149994 -10.75 -0.019727 0.141486
40 60 29 3.449997 -6.149994 -10.75 -0.004581 0.093948
41 60 29 1.150002 -6.149994 -10.75 0.006919 0.055649
42 60 29 -1.150002 -6.149994 -10.75 0.008254 0.026099
43 60 29 -3.450005 -6.149994 -10.75 -0.000894 0.051261
44 60 29 -5.75 -6.149994 -10.75 0.033964 0.106692
45 60 29 -8.050003 -6.149994 -10.75 -0.01996 0.174881
46 60 29 -10.35 -6.149994 -10.75 -0.063774 0.200152
47 60 29 -12.65 -6.149994 -10.75 -0.104314 0.206578
48 60 29 -14.95 -6.149994 -10.75 -0.121812 0.207298
49 60 29 -17.25 -6.149994 -10.75 -0.13345 0.221346
29 61 29 28.75 -8.449997 -10.75 -0.07859 0.102616
30 61 29 26.45 -8.449997 -10.75 -0.108606 0.150399
31 61 29 24.15 -8.449997 -10.75 -0.13312 0.173781
32 61 29 21.85 -8.449997 -10.75 -0.124797 0.159121
33 61 29 19.55 -8.449997 -10.75 -0.099279 0.160521
34 61 29 17.25 -8.449997 -10.75 -0.038284 0.183889
35 61 29 14.95 -8.449997 -10.75 -0.034432 0.183739
36 61 29 12.65 -8.449997 -10.75 -0.046441 0.188141
37 61 29 10.35 -8.449997 -10.75 -0.100407 0.197774
38 61 29 8.049995 -8.449997 -10.75 -0.070322 0.144163
39 61 29 5.75 -8.449997 -10.75 -0.030305 0.120455
40 61 29 3.449997 -8.449997 -10.75 -0.00443 0.104722
41 61 29 1.150002 -8.449997 -10.75 0.028874 0.034414
42 61 29 -1.150002 -8.449997 -10.75 0.018296 0.063543
43 61 29 -3.450005 -8.449997 -10.75 0.04153 0.039155
44 61 29 -5.75 -8.449997 -10.75 0.018048 0.092155
45 61 29 -8.050003 -8.449997 -10.75 -0.012931 0.153442
46 61 29 -10.35 -8.449997 -10.75 -0.03102 0.200695
47 61 29 -12.65 -8.449997 -10.75 -0.060349 0.197244
48 61 29 -14.95 -8.449997 -10.75 -0.070845 0.217542
49 61 29 -17.25 -8.449997 -10.75 -0.115622 0.228343
30 62 29 26.45 -10.74998 -10.75 -0.107244 0.162219
31 62 29 24.15 -10.74998 -10.75 -0.128085 0.17393
32 62 29 21.85 -10.74998 -10.75 -0.138732 0.170235
33 62 29 19.55 -10.74998 -10.75 -0.094244 0.172721
34 62 29 17.25 -10.74998 -10.75 -0.053622 0.182164
35 62 29 14.95 -10.74998 -10.75 -0.042631 0.169039
36 62 29 12.65 -10.74998 -10.75 -0.043346 0.169705
37 62 29 10.35 -10.74998 -10.75 -0.076843 0.166716
38 62 29 8.049995 -10.74998 -10.75 -0.082524 0.101679
39 62 29 5.75 -10.74998 -10.75 -0.049358 0.088242
40 62 29 3.449997 -10.74998 -10.75 -0.020662 0.095198
44 62 29 -5.75 -10.74998 -10.75 -0.030071 0.095647
45 62 29 -8.050003 -10.74998 -10.75 -0.023881 0.133172
46 62 29 -10.35 -10.74998 -10.75 -0.015586 0.171743
47 62 29 -12.65 -10.74998 -10.75 -0.026219 0.184745
48 62 29 -14.95 -10.74998 -10.75 -0.022368 0.208589
49 62 29 -17.25 -10.74998 -10.75 -0.067254 0.216632
44 63 29 -5.75 -13.04999 -10.75 -0.052769 0.067972
45 63 29 -8.050003 -13.04999 -10.75 -0.032685 0.106393
46 63 29 -10.35 -13.04999 -10.75 -0.062715 0.16048
47 63 29 -12.65 -13.04999 -10.75 -0.060789 0.165887
48 63 29 -14.95 -13.04999 -10.75 -0.029727 0.185112
49 63 29 -17.25 -13.04999 -10.75 -0.048023 0.19719
45 64 29 -8.050003 -15.34999 -10.75 -0.055108 0.087373
46 64 29 -10.35 -15.34999 -10.75 -0.086706 0.126121
47 64 29 -12.65 -15.34999 -10.75 -0.117424 0.136324
48 64 29 -14.95 -15.34999 -10.75 -0.071381 0.144489
49 64 29 -17.25 -15.34999 -10.75 -0.038518 0.137913
48 65 29 -14.95 -17.64999 -10.75 -0.029246 0.118308
49 65 29 -17.25 -17.64999 -10.75 -0.031873 0.108948
27 66 29 33.35 -19.95 -10.75 0.08533 0.006386
28 66 29 31.05 -19.95 -10.75 0.102773 -0.00826
29 66 29 28.75 -19.95 -10.75 0.071244 0.00822
26 67 29 35.65 -22.24998 -10.75 0.026949 0.057184
27 67 29 33.35 -22.24998 -10.75 0.05519 0.028477
28 67 29 31.05 -22.24998 -10.75 0.08229 0.016996
29 67 29 28.75 -22.24998 -10.75 0.079993 0.008423
30 67 29 26.45 -22.24998 -10.75 0.067929 0.040256
26 68 29 35.65 -24.54999 -10.75 0.016356 0.058665
27 68 29 33.35 -24.54999 -10.75 0.037403 0.046193
28 68 29 31.05 -24.54999 -10.75 0.062797 0.026398
29 68 29 28.75 -24.54999 -10.75 0.04955 0.03368
30 68 29 26.45 -24.54999 -10.75 0.024376 0.068542
25 69 29 37.95 -26.84999 -10.75 0.005269 0.061844
26 69 29 35.65 -26.84999 -10.75 0.031749 0.050975
27 69 29 33.35 -26.84999 -10.75 0.036853 0.049943
28 69 29 31.05 -26.84999 -10.75 0.029934 0.034006
29 69 29 28.75 -26.84999 -10.75 0.03036 0.050867
30 69 29 26.45 -26.84999 -10.75 0.005007 0.059603
25 70 29 37.95 -29.14999 -10.75 -0.013908 0.076069
26 70 29 35.65 -29.14999 -10.75 -0.00758 0.069833
27 70 29 33.35 -29.14999 -10.75 0.004787 0.057293
28 70 29 31.05 -29.14999 -10.75 -0.00194 0.058597
29 70 29 28.75 -29.14999 -10.75 0.011954 0.052117
25 71 29 37.95 -31.45 -10.75 -0.014857 0.09009
26 71 29 35.65 -31.45 -10.75 -0.019314 0.07933
27 71 29 33.35 -31.45 -10.75 -0.028572 0.071409
28 71 29 31.05 -31.45 -10.75 -0.034363 0.066124
25 72 29 37.95 -33.74998 -10.75 -0.032465 0.115048
26 72 29 35.65 -33.74998 -10.75 -0.022753 0.09259
27 72 29 33.35 -33.74998 -10.75 -0.021405 0.065988
25 73 29 37.95 -36.04999 -10.75 -0.07405 0.1748
26 73 29 35.65 -36.04999 -10.75 -0.052356 0.130359
30 18 30 26.45 90.45001 -8.449997 -0.180221 0.148646
29 19 30 28.75 88.15001 -8.449997 -0.166327 0.170819
30 19 30 26.45 88.15001 -8.449997 -0.179451 0.161091
31 19 30 24.15 88.15001 -8.449997 -0.194528 0.133878
26 20 30 35.65 85.85001 -8.449997 -0.177965 0.173088
27 20 30 33.35 85.85001 -8.449997 -0.147426 0.146812
28 20 30 31.05 85.85001 -8.449997 -0.149283 0.127153
26 21 30 35.65 83.55 -8.449997 -0.142157 0.121284
27 21 30 33.35 83.55 -8.449997 -0.108317 0.111284
28 21 30 31.05 83.55 -8.449997 -0.134179 0.097168
26 22 30 35.65 81.25001 -8.449997 -0.171362 0.060757
27 22 30 33.35 81.25001 -8.449997 -0.117327 0.054616
28 22 30 31.05 81.25001 -8.449997 -0.149531 0.062456
37 46 30 10.35 26.05001 -8.449997 0.004223 0.025501
38 46 30 8.049995 26.05001 -8.449997 -0.023317 0.065907
36 47 30 12.65 23.75001 -8.449997 -0.034391 0.057076
37 47 30 10.35 23.75001 -8.449997 -0.030828 0.059915
38 47 30 8.049995 23.75001 -8.449997 -0.037747 0.092264
39 47 30 5.75 23.75001 -8.449997 -0.057487 0.108961
35 48 30 14.95 21.45001 -8.449997 -0.025724 0.07524
36 48 30 12.65 21.45001 -8.449997 -0.038628 0.0788
37 48 30 10.35 21.45001 -8.449997 -0.036688 0.08043
38 48 30 8.049995 21.45001 -8.449997 -0.034308 0.106719
35 49 30 14.95 19.15001 -8.449997 -0.01831 0.075322
36 49 30 12.65 19.15001 -8.449997 -0.023537 0.087481
37 49 30 10.35 19.15001 -8.449997 -0.022918 0.08922
38 50 30 8.049995 16.85001 -8.449997 -0.006135 0.106706
40 50 30 3.449997 16.85001 -8.449997 -0.023908 0.070784
52 56 30 -24.15 3.050003 -8.449997 0.032561 0.018763
53 56 30 -26.45 3.050003 -8.449997 0.072991 0.041574
34 57 30 17.25 0.750015 -8.449997 0.07848 0.06842
51 57 30 -21.85 0.750015 -8.449997 0.006355 0.03834
52 57 30 -24.15 0.750015 -8.449997 0.041998 0.03508
53 57 30 -26.45 0.750015 -8.449997 0.054103 0.06141
29 58 30 28.75 -1.549988 -8.449997 -0.099774 0.180764
30 58 30 26.45 -1.549988 -8.449997 -0.108056 0.183821
31 58 30 24.15 -1.549988 -8.449997 -0.10756 0.176715
32 58 30 21.85 -1.549988 -8.449997 -0.078796 0.169814
33 58 30 19.55 -1.549988 -8.449997 -0.019534 0.126392
34 58 30 17.25 -1.549988 -8.449997 0.026935 0.109002
35 58 30 14.95 -1.549988 -8.449997 0.033386 0.132655
36 58 30 12.65 -1.549988 -8.449997 0.012628 0.129965
37 58 30 10.35 -1.549988 -8.449997 -0.005998 0.126324
38 58 30 8.049995 -1.549988 -8.449997 -0.007291 0.118336
39 58 30 5.75 -1.549988 -8.449997 0.045313 0.081789
40 58 30 3.449997 -1.549988 -8.449997 0.028379 0.043299
29 59 30 28.75 -3.849991 -8.449997 -0.085248 0.156526
30 59 30 26.45 -3.849991 -8.449997 -0.10375 0.167694
31 59 30 24.15 -3.849991 -8.449997 -0.105304 0.190166
32 59 30 21.85 -3.849991 -8.449997 -0.082166 0.182272
33 59 30 19.55 -3.849991 -8.449997 -0.042631 0.16548
34 59 30 17.25 -3.849991 -8.449997 -0.006878 0.171254
35 59 30 14.95 -3.849991 -8.449997 -0.00099 0.181511
36 59 30 12.65 -3.849991 -8.449997 -0.00879 0.179229
37 59 30 10.35 -3.849991 -8.449997 -0.017415 0.159977
38 59 30 8.049995 -3.849991 -8.449997 -0.034281 0.135726
39 59 30 5.75 -3.849991 -8.449997 0.018227 0.104383
40 59 30 3.449997 -3.849991 -8.449997 0.01355 0.07539
41 59 30 1.150002 -3.849991 -8.449997 -0.026522 0.06808
43 59 30 -3.450005 -3.849991 -8.449997 -0.014912 0.111067
44 59 30 -5.75 -3.849991 -8.449997 -0.019273 0.132941
45 59 30 -8.050003 -3.849991 -8.449997 0.010565 0.154054
46 59 30 -10.35 -3.849991 -8.449997 -0.029067 0.153959
47 59 30 -12.65 -3.849991 -8.449997 -0.030539 0.144367
48 59 30 -14.95 -3.849991 -8.449997 -0.041255 0.169569
29 60 30 28.75 -6.149994 -8.449997 -0.104149 0.153239
30 60 30 26.45 -6.149994 -8.449997 -0.11664 0.177612
31 60 30 24.15 -6.149994 -8.449997 -0.124536 0.187449
32 60 30 21.85 -6.149994 -8.449997 -0.119349 0.193304
33 60 30 19.55 -6.149994 -8.449997 -0.092717 0.189283
34 60 30 17.25 -6.149994 -8.449997 -0.053278 0.201823
35 60 30 14.95 -6.149994 -8.449997 -0.039907 0.212189
36 60 30 12.65 -6.149994 -8.449997 -0.043236 0.224484
37 60 30 10.35 -6.149994 -8.449997 -0.053237 0.208412
38 60 30 8.049995 -6.149994 -8.449997 -0.065397 0.148714
39 60 30 5.75 -6.149994 -8.449997 -0.043676 0.126678
40 60 30 3.449997 -6.149994 -8.449997 -0.032176 0.120197
41 60 30 1.150002 -6.149994 -8.449997 -0.031626 0.076585
42 60 30 -1.150002 -6.149994 -8.449997 -0.034404 0.076055
43 60 30 -3.450005 -6.149994 -8.449997 -0.037348 0.080362
44 60 30 -5.75 -6.149994 -8.449997 -0.049468 0.146201
45 60 30 -8.050003 -6.149994 -8.449997 -0.065535 0.196755
46 60 30 -10.35 -6.149994 -8.449997 -0.091383 0.190886
47 60 30 -12.65 -6.149994 -8.449997 -0.079443 0.177259
48 60 30 -14.95 -6.149994 -8.449997 -0.072386 0.197163
49 60 30 -17.25 -6.149994 -8.449997 -0.09617 0.210504
29 61 30 28.75 -8.449997 -8.449997 -0.123875 0.15025
30 61 30 26.45 -8.449997 -8.449997 -0.13726 0.188128
31 61 30 24.15 -8.449997 -8.449997 -0.155336 0.191402
32 61 30 21.85 -8.449997 -8.449997 -0.154703 0.188957
33 61 30 19.55 -8.449997 -8.449997 -0.152502 0.203942
34 61 30 17.25 -8.449997 -8.449997 -0.094877 0.225109
35 61 30 14.95 -8.449997 -8.449997 -0.062206 0.216795
36 61 30 12.65 -8.449997 -8.449997 -0.066181 0.220735
37 61 30 10.35 -8.449997 -8.449997 -0.098839 0.22727
38 61 30 8.049995 -8.449997 -8.449997 -0.077269 0.150521
39 61 30 5.75 -8.449997 -8.449997 -0.071299 0.128715
40 61 30 3.449997 -8.449997 -8.449997 -0.051132 0.164175
41 61 30 1.150002 -8.449997 -8.449997 -0.026522 0.096
43 61 30 -3.450005 -8.449997 -8.449997 -0.031089 0.085688
44 61 30 -5.75 -8.449997 -8.449997 -0.058244 0.138538
45 61 30 -8.050003 -8.449997 -8.449997 -0.066911 0.202298
46 61 30 -10.35 -8.449997 -8.449997 -0.064531 0.220599
47 61 30 -12.65 -8.449997 -8.449997 -0.033153 0.209404
48 61 30 -14.95 -8.449997 -8.449997 -0.032767 0.22083
49 61 30 -17.25 -8.449997 -8.449997 -0.066388 0.227446
50 61 30 -19.55 -8.449997 -8.449997 -0.155226 0.217501
30 62 30 26.45 -10.74998 -8.449997 -0.148155 0.169175
31 62 30 24.15 -10.74998 -8.449997 -0.136779 0.192761
32 62 30 21.85 -10.74998 -8.449997 -0.144634 0.221142
33 62 30 19.55 -10.74998 -8.449997 -0.160178 0.222976
34 62 30 17.25 -10.74998 -8.449997 -0.105745 0.225884
35 62 30 14.95 -10.74998 -8.449997 -0.07394 0.20219
36 62 30 12.65 -10.74998 -8.449997 -0.079209 0.19901
37 62 30 10.35 -10.74998 -8.449997 -0.120904 0.211917
38 62 30 8.049995 -10.74998 -8.449997 -0.135265 0.150929
39 62 30 5.75 -10.74998 -8.449997 -0.112334 0.128254
44 62 30 -5.75 -10.74998 -8.449997 -0.067117 0.158456
45 62 30 -8.050003 -10.74998 -8.449997 -0.060115 0.207339
46 62 30 -10.35 -10.74998 -8.449997 -0.042466 0.238872
47 62 30 -12.65 -10.74998 -8.449997 -0.02179 0.220463
48 62 30 -14.95 -10.74998 -8.449997 -0.017154 0.206496
49 62 30 -17.25 -10.74998 -8.449997 -0.043098 0.216496
50 62 30 -19.55 -10.74998 -8.449997 -0.092415 0.226373
36 63 30 12.65 -13.04999 -8.449997 -0.072523 0.187109
37 63 30 10.35 -13.04999 -8.449997 -0.097394 0.2056
38 63 30 8.049995 -13.04999 -8.449997 -0.117465 0.141011
44 63 30 -5.75 -13.04999 -8.449997 -0.065494 0.142995
45 63 30 -8.050003 -13.04999 -8.449997 -0.057873 0.189106
46 63 30 -10.35 -13.04999 -8.449997 -0.054296 0.217868
47 63 30 -12.65 -13.04999 -8.449997 -0.037789 0.202339
48 63 30 -14.95 -13.04999 -8.449997 -0.019273 0.200899
49 63 30 -17.25 -13.04999 -8.449997 -0.030057 0.216251
50 63 30 -19.55 -13.04999 -8.449997 -0.067296 0.209676
44 64 30 -5.75 -15.34999 -8.449997 -0.064943 0.099886
45 64 30 -8.050003 -15.34999 -8.449997 -0.081258 0.140862
46 64 30 -10.35 -15.34999 -8.449997 -0.095661 0.18844
47 64 30 -12.65 -15.34999 -8.449997 -0.112279 0.188182
48 64 30 -14.95 -15.34999 -8.449997 -0.063499 0.175819
49 64 30 -17.25 -15.34999 -8.449997 -0.053471 0.174066
50 64 30 -19.55 -15.34999 -8.449997 -0.075783 0.168998
45 65 30 -8.050003 -17.64999 -8.449997 -0.099554 0.120618
46 65 30 -10.35 -17.64999 -8.449997 -0.114136 0.169175
47 65 30 -12.65 -17.64999 -8.449997 -0.119955 0.189609
48 65 30 -14.95 -17.64999 -8.449997 -0.088893 0.15101
49 65 30 -17.25 -17.64999 -8.449997 -0.082744 0.1576
50 65 30 -19.55 -17.64999 -8.449997 -0.099155 0.170887
26 66 30 35.65 -19.95 -8.449997 0.051902 0.07611
27 66 30 33.35 -19.95 -8.449997 0.090489 0.035528
28 66 30 31.05 -19.95 -8.449997 0.102636 -0.012662
29 66 30 28.75 -19.95 -8.449997 0.081478 -0.021534
49 66 30 -17.25 -19.95 -8.449997 -0.139984 0.133104
25 67 30 37.95 -22.24998 -8.449997 0.008226 0.084343
26 67 30 35.65 -22.24998 -8.449997 0.020456 0.098568
27 67 30 33.35 -22.24998 -8.449997 0.040347 0.063081
28 67 30 31.05 -22.24998 -8.449997 0.07189 0.019904
29 67 30 28.75 -22.24998 -8.449997 0.081547 -0.002242
30 67 30 26.45 -22.24998 -8.449997 0.061903 -0.028504
25 68 30 37.95 -24.54999 -8.449997 -0.009712 0.08903
26 68 30 35.65 -24.54999 -8.449997 -0.01626 0.096177
27 68 30 33.35 -24.54999 -8.449997 0.003742 0.084316
28 68 30 31.05 -24.54999 -8.449997 0.046221 0.048041
29 68 30 28.75 -24.54999 -8.449997 0.049908 0.024496
30 68 30 26.45 -24.54999 -8.449997 0.019947 0.040949
31 68 30 24.15 -24.54999 -8.449997 -0.026605 0.066504
25 69 30 37.95 -26.84999 -8.449997 -0.005585 0.086028
26 69 30 35.65 -26.84999 -8.449997 -0.003604 0.084234
27 69 30 33.35 -26.84999 -8.449997 0.000344 0.077251
28 69 30 31.05 -26.84999 -8.449997 0.008102 0.043014
29 69 30 28.75 -26.84999 -8.449997 0.025325 0.035052
30 69 30 26.45 -26.84999 -8.449997 0.010991 0.040134
31 69 30 24.15 -26.84999 -8.449997 -0.043277 0.0813
26 70 30 35.65 -29.14999 -8.449997 -0.022051 0.106937
27 70 30 33.35 -29.14999 -8.449997 -0.016796 0.083324
28 70 30 31.05 -29.14999 -8.449997 -0.010056 0.054657
29 70 30 28.75 -29.14999 -8.449997 0.018447 0.038123
26 71 30 35.65 -31.45 -8.449997 -0.033744 0.113349
27 71 30 33.35 -31.45 -8.449997 -0.044309 0.104532
25 72 30 37.95 -33.74998 -8.449997 -0.026921 0.105048
27 20 31 33.35 85.85001 -6.150002 -0.162888 0.113064
28 20 31 31.05 85.85001 -6.150002 -0.138017 0.122969
26 21 31 35.65 83.55 -6.150002 -0.156767 0.07774
27 21 31 33.35 83.55 -6.150002 -0.139736 0.080403
28 21 31 31.05 83.55 -6.150002 -0.126076 0.098744
27 22 31 33.35 81.25001 -6.150002 -0.145762 0.059997
28 22 31 31.05 81.25001 -6.150002 -0.145294 0.069167
37 46 31 10.35 26.05001 -6.150002 0.010042 0.03762
38 46 31 8.049995 26.05001 -6.150002 0.005489 0.065417
36 47 31 12.65 23.75001 -6.150002 -0.010936 0.10225
37 47 31 10.35 23.75001 -6.150002 -0.020332 0.102263
38 47 31 8.049995 23.75001 -6.150002 -0.025655 0.09475
39 47 31 5.75 23.75001 -6.150002 -0.039907 0.123607
40 47 31 3.449997 23.75001 -6.150002 -0.051297 0.106978
35 48 31 14.95 21.45001 -6.150002 -0.01388 0.09956
36 48 31 12.65 21.45001 -6.150002 -0.022602 0.100809
37 48 31 10.35 21.45001 -6.150002 -0.017526 0.104369
38 48 31 8.049995 21.45001 -6.150002 -0.010496 0.101774
39 48 31 5.75 21.45001 -6.150002 -0.024514 0.109967
40 48 31 3.449997 21.45001 -6.150002 -0.044928 0.109056
35 49 31 14.95 19.15001 -6.150002 -0.029879 0.096462
36 49 31 12.65 19.15001 -6.150002 -0.015765 0.092712
37 49 31 10.35 19.15001 -6.150002 -0.006287 0.096829
38 49 31 8.049995 19.15001 -6.150002 -0.00443 0.100538
39 49 31 5.75 19.15001 -6.150002 -0.010936 0.099926
40 49 31 3.449997 19.15001 -6.150002 -0.021143 0.084085
40 50 31 3.449997 16.85001 -6.150002 0.020346 0.057483
30 58 31 26.45 -1.549988 -6.150002 -0.104011 0.167871
31 58 31 24.15 -1.549988 -6.150002 -0.095304 0.162491
32 58 31 21.85 -1.549988 -6.150002 -0.103571 0.147098
33 58 31 19.55 -1.549988 -6.150002 -0.031873 0.105021
34 58 31 17.25 -1.549988 -6.150002 0.028035 0.077564
35 58 31 14.95 -1.549988 -6.150002 0.033895 0.116488
36 58 31 12.65 -1.549988 -6.150002 0.007992 0.130441
37 58 31 10.35 -1.549988 -6.150002 -0.016741 0.116705
38 58 31 8.049995 -1.549988 -6.150002 -0.018764 0.103513
39 58 31 5.75 -1.549988 -6.150002 0.023702 0.079846
40 58 31 3.449997 -1.549988 -6.150002 0.013729 0.046601
29 59 31 28.75 -3.849991 -6.150002 -0.084546 0.151404
30 59 31 26.45 -3.849991 -6.150002 -0.11514 0.170901
31 59 31 24.15 -3.849991 -6.150002 -0.121963 0.174542
32 59 31 21.85 -3.849991 -6.150002 -0.125471 0.160575
33 59 31 19.55 -3.849991 -6.150002 -0.07566 0.151486
34 59 31 17.25 -3.849991 -6.150002 -0.025931 0.145522
35 59 31 14.95 -3.849991 -6.150002 -0.001486 0.157219
36 59 31 12.65 -3.849991 -6.150002 -0.006631 0.152328
37 59 31 10.35 -3.849991 -6.150002 -0.041792 0.156757
38 59 31 8.049995 -3.849991 -6.150002 -0.083253 0.147261
39 59 31 5.75 -3.849991 -6.150002 -0.034528 0.106815
40 59 31 3.449997 -3.849991 -6.150002 -0.02787 0.077346
46 59 31 -10.35 -3.849991 -6.150002 -0.033607 0.125237
47 59 31 -12.65 -3.849991 -6.150002 0.021584 0.094016
48 59 31 -14.95 -3.849991 -6.150002 0.007373 0.127126
49 59 31 -17.25 -3.849991 -6.150002 -0.017347 0.144557
29 60 31 28.75 -6.149994 -6.150002 -0.123476 0.165982
30 60 31 26.45 -6.149994 -6.150002 -0.141415 0.180954
31 60 31 24.15 -6.149994 -6.150002 -0.162145 0.16798
32 60 31 21.85 -6.149994 -6.150002 -0.159573 0.166852
33 60 31 19.55 -6.149994 -6.150002 -0.112444 0.193413
34 60 31 17.25 -6.149994 -6.150002 -0.081932 0.197842
35 60 31 14.95 -6.149994 -6.150002 -0.03479 0.185017
36 60 31 12.65 -6.149994 -6.150002 -0.031736 0.191348
37 60 31 10.35 -6.149994 -6.150002 -0.072647 0.207841
38 60 31 8.049995 -6.149994 -6.150002 -0.107285 0.196945
39 60 31 5.75 -6.149994 -6.150002 -0.098949 0.14563
40 60 31 3.449997 -6.149994 -6.150002 -0.041764 0.102358
41 60 31 1.150002 -6.149994 -6.150002 -0.060968 0.084601
45 60 31 -8.050003 -6.149994 -6.150002 -0.098729 0.192937
46 60 31 -10.35 -6.149994 -6.150002 -0.154167 0.163007
47 60 31 -12.65 -6.149994 -6.150002 -0.070253 0.128485
48 60 31 -14.95 -6.149994 -6.150002 -0.030374 0.143117
49 60 31 -17.25 -6.149994 -6.150002 -0.039673 0.171743
50 60 31 -19.55 -6.149994 -6.150002 -0.101631 0.170955
30 61 31 26.45 -8.449997 -6.150002 -0.165103 0.211034
31 61 31 24.15 -8.449997 -6.150002 -0.17901 0.206985
32 61 31 21.85 -8.449997 -6.150002 -0.161788 0.192706
33 61 31 19.55 -8.449997 -6.150002 -0.125512 0.211129
34 61 31 17.25 -8.449997 -6.150002 -0.121881 0.215925
35 61 31 14.95 -8.449997 -6.150002 -0.076196 0.20867
36 61 31 12.65 -8.449997 -6.150002 -0.064159 0.213765
37 61 31 10.35 -8.449997 -6.150002 -0.1032 0.219213
38 61 31 8.049995 -8.449997 -6.150002 -0.112017 0.17336
39 61 31 5.75 -8.449997 -6.150002 -0.112526 0.156689
40 61 31 3.449997 -8.449997 -6.150002 -0.058946 0.160575
45 61 31 -8.050003 -8.449997 -6.150002 -0.135431 0.209784
46 61 31 -10.35 -8.449997 -6.150002 -0.103007 0.218805
47 61 31 -12.65 -8.449997 -6.150002 -0.045272 0.209553
48 61 31 -14.95 -8.449997 -6.150002 -0.011404 0.173169
49 61 31 -17.25 -8.449997 -6.150002 -0.015393 0.164719
50 61 31 -19.55 -8.449997 -6.150002 -0.077585 0.193698
51 61 31 -21.85 -8.449997 -6.150002 -0.082496 0.152152
30 62 31 26.45 -10.74998 -6.150002 -0.159036 0.170208
31 62 31 24.15 -10.74998 -6.150002 -0.152901 0.219689
32 62 31 21.85 -10.74998 -6.150002 -0.138595 0.252105
33 62 31 19.55 -10.74998 -6.150002 -0.114315 0.242174
34 62 31 17.25 -10.74998 -6.150002 -0.12111 0.229131
35 62 31 14.95 -10.74998 -6.150002 -0.092085 0.216632
36 62 31 12.65 -10.74998 -6.150002 -0.098853 0.221957
37 62 31 10.35 -10.74998 -6.150002 -0.139654 0.229674
38 62 31 8.049995 -10.74998 -6.150002 -0.136889 0.187381
39 62 31 5.75 -10.74998 -6.150002 -0.086431 0.17696
44 62 31 -5.75 -10.74998 -6.150002 -0.105786 0.180343
45 62 31 -8.050003 -10.74998 -6.150002 -0.110986 0.224512
46 62 31 -10.35 -10.74998 -6.150002 -0.063815 0.251535
47 62 31 -12.65 -10.74998 -6.150002 -0.038325 0.241671
48 62 31 -14.95 -10.74998 -6.150002 -0.018378 0.176457
49 62 31 -17.25 -10.74998 -6.150002 -0.022423 0.173047
50 62 31 -19.55 -10.74998 -6.150002 -0.054035 0.186742
51 62 31 -21.85 -10.74998 -6.150002 -0.084271 0.157138
35 63 31 14.95 -13.04999 -6.150002 -0.101948 0.197693
36 63 31 12.65 -13.04999 -6.150002 -0.094946 0.211686
37 63 31 10.35 -13.04999 -6.150002 -0.120711 0.244388
38 63 31 8.049995 -13.04999 -6.150002 -0.139131 0.194282
44 63 31 -5.75 -13.04999 -6.150002 -0.084464 0.172001
45 63 31 -8.050003 -13.04999 -6.150002 -0.083996 0.218629
46 63 31 -10.35 -13.04999 -6.150002 -0.06127 0.237025
47 63 31 -12.65 -13.04999 -6.150002 -0.046262 0.225014
48 63 31 -14.95 -13.04999 -6.150002 -0.043016 0.239905
49 63 31 -17.25 -13.04999 -6.150002 -0.036165 0.227487
50 63 31 -19.55 -13.04999 -6.150002 -0.06647 0.180452
51 63 31 -21.85 -13.04999 -6.150002 -0.088645 0.144068
37 64 31 10.35 -15.34999 -6.150002 -0.097917 0.202787
44 64 31 -5.75 -15.34999 -6.150002 -0.065975 0.120958
45 64 31 -8.050003 -15.34999 -6.150002 -0.080584 0.17264
46 64 31 -10.35 -15.34999 -6.150002 -0.088274 0.206945
47 64 31 -12.65 -15.34999 -6.150002 -0.087875 0.207597
48 64 31 -14.95 -15.34999 -6.150002 -0.07643 0.218126
49 64 31 -17.25 -15.34999 -6.150002 -0.080722 0.218697
50 64 31 -19.55 -15.34999 -6.150002 -0.102966 0.183998
51 64 31 -21.85 -15.34999 -6.150002 -0.124274 0.148592
44 65 31 -5.75 -17.64999 -6.150002 -0.033318 0.096475
45 65 31 -8.050003 -17.64999 -6.150002 -0.079401 0.140766
46 65 31 -10.35 -17.64999 -6.150002 -0.109404 0.182041
47 65 31 -12.65 -17.64999 -6.150002 -0.104947 0.186185
48 65 31 -14.95 -17.64999 -6.150002 -0.111481 0.192489
49 65 31 -17.25 -17.64999 -6.150002 -0.099747 0.201062
50 65 31 -19.55 -17.64999 -6.150002 -0.108963 0.207148
26 66 31 35.65 -19.95 -6.150002 0.041503 0.08971
27 66 31 33.35 -19.95 -6.150002 0.047129 0.056423
28 66 31 31.05 -19.95 -6.150002 0.041434 0.001943
29 66 31 28.75 -19.95 -6.150002 0.032685 -0.016045
30 66 31 26.45 -19.95 -6.150002 0.023138 -0.012146
49 66 31 -17.25 -19.95 -6.150002 -0.149393 0.132588
26 67 31 35.65 -22.24998 -6.150002 -0.017085 0.135509
27 67 31 33.35 -22.24998 -6.150002 -0.006837 0.098527
28 67 31 31.05 -22.24998 -6.150002 0.031983 0.03387
29 67 31 28.75 -22.24998 -6.150002 0.05552 -0.002785
30 67 31 26.45 -22.24998 -6.150002 0.037665 -0.0308
31 67 31 24.15 -22.24998 -6.150002 0.010634 -0.0283
25 68 31 37.95 -24.54999 -6.150002 -0.035643 0.114939
26 68 31 35.65 -24.54999 -6.150002 -0.061986 0.133688
27 68 31 33.35 -24.54999 -6.150002 -0.053498 0.126813
28 68 31 31.05 -24.54999 -6.150002 -0.003412 0.079031
29 68 31 28.75 -24.54999 -6.150002 0.043332 0.032376
30 68 31 26.45 -24.54999 -6.150002 0.043951 0.007989
31 68 31 24.15 -24.54999 -6.150002 0.003164 0.010421
26 69 31 35.65 -26.84999 -6.150002 -0.054434 0.117466
27 69 31 33.35 -26.84999 -6.150002 -0.06028 0.123648
28 69 31 31.05 -26.84999 -6.150002 -0.023454 0.085185
29 69 31 28.75 -26.84999 -6.150002 0.033166 0.038449
30 69 31 26.45 -26.84999 -6.150002 0.046799 0.012391
31 69 31 24.15 -26.84999 -6.150002 -0.001692 0.04622
27 70 31 33.35 -29.14999 -6.150002 -0.054158 0.12449
28 70 31 31.05 -29.14999 -6.150002 -0.030732 0.075335
36 47 32 12.65 23.75001 -3.849998 -0.031626 0.115863
37 47 32 10.35 23.75001 -3.849998 -0.029576 0.090892
38 47 32 8.049995 23.75001 -3.849998 0.004485 0.071803
39 47 32 5.75 23.75001 -3.849998 0.009657 0.088595
36 48 32 12.65 21.45001 -3.849998 -0.03351 0.120822
37 48 32 10.35 21.45001 -3.849998 -0.020291 0.102304
38 48 32 8.049995 21.45001 -3.849998 -0.001321 0.088106
39 48 32 5.75 21.45001 -3.849998 -0.01604 0.086748
40 48 32 3.449997 21.45001 -3.849998 -0.03545 0.077373
35 49 32 14.95 19.15001 -3.849998 -0.040031 0.116732
36 49 32 12.65 19.15001 -3.849998 -0.035835 0.103432
37 49 32 10.35 19.15001 -3.849998 -0.01476 0.10979
38 49 32 8.049995 19.15001 -3.849998 0.004003 0.093378
39 49 32 5.75 19.15001 -3.849998 0.012023 0.073922
40 49 32 3.449997 19.15001 -3.849998 0.008226 0.053258
38 50 32 8.049995 16.85001 -3.849998 0.014733 0.091381
39 50 32 5.75 16.85001 -3.849998 0.034528 0.059698
40 50 32 3.449997 16.85001 -3.849998 0.036784 0.032512
30 59 32 26.45 -3.849991 -3.849998 -0.089608 0.129789
31 59 32 24.15 -3.849991 -3.849998 -0.073706 0.120265
32 59 32 21.85 -3.849991 -3.849998 -0.075467 0.116923
33 59 32 19.55 -3.849991 -3.849998 -0.062426 0.134041
34 59 32 17.25 -3.849991 -3.849998 -0.029425 0.112874
35 59 32 14.95 -3.849991 -3.849998 -0.017608 0.122045
36 59 32 12.65 -3.849991 -3.849998 -0.01985 0.142125
37 59 32 10.35 -3.849991 -3.849998 -0.070804 0.135481
38 59 32 8.049995 -3.849991 -3.849998 -0.106254 0.141948
39 59 32 5.75 -3.849991 -3.849998 -0.100779 0.101285
40 59 32 3.449997 -3.849991 -3.849998 -0.041365 0.069914
46 59 32 -10.35 -3.849991 -3.849998 -0.017993 0.145671
47 59 32 -12.65 -3.849991 -3.849998 0.067351 0.093011
48 59 32 -14.95 -3.849991 -3.849998 0.100861 0.067659
49 59 32 -17.25 -3.849991 -3.849998 0.054571 0.064575
50 59 32 -19.55 -3.849991 -3.849998 -0.013357 0.067849
30 60 32 26.45 -6.149994 -3.849998 -0.147591 0.150847
31 60 32 24.15 -6.149994 -3.849998 -0.134137 0.159638
32 60 32 21.85 -6.149994 -3.849998 -0.136146 0.153429
33 60 32 19.55 -6.149994 -3.849998 -0.134261 0.194935
34 60 32 17.25 -6.149994 -3.849998 -0.121688 0.190152
35 60 32 14.95 -6.149994 -3.849998 -0.04087 0.162504
36 60 32 12.65 -6.149994 -3.849998 -0.038903 0.148578
37 60 32 10.35 -6.149994 -3.849998 -0.098935 0.171539
38 60 32 8.049995 -6.149994 -3.849998 -0.113214 0.188617
39 60 32 5.75 -6.149994 -3.849998 -0.119858 0.143674
40 60 32 3.449997 -6.149994 -3.849998 -0.058478 0.100619
45 60 32 -8.050003 -6.149994 -3.849998 -0.095647 0.142995
46 60 32 -10.35 -6.149994 -3.849998 -0.129515 0.156594
47 60 32 -12.65 -6.149994 -3.849998 -0.070611 0.110551
48 60 32 -14.95 -6.149994 -3.849998 0.010606 0.087128
49 60 32 -17.25 -6.149994 -3.849998 0.002559 0.110727
50 60 32 -19.55 -6.149994 -3.849998 -0.066388 0.128607
51 60 32 -21.85 -6.149994 -3.849998 -0.056855 0.136976
30 61 32 26.45 -8.449997 -3.849998 -0.185421 0.221672
31 61 32 24.15 -8.449997 -3.849998 -0.17619 0.204472
32 61 32 21.85 -8.449997 -3.849998 -0.173646 0.191239
33 61 32 19.55 -8.449997 -3.849998 -0.15828 0.200573
34 61 32 17.25 -8.449997 -3.849998 -0.109142 0.189242
35 61 32 14.95 -8.449997 -3.849998 -0.056786 0.172612
36 61 32 12.65 -8.449997 -3.849998 -0.057089 0.172775
37 61 32 10.35 -8.449997 -3.849998 -0.114755 0.195016
38 61 32 8.049995 -8.449997 -3.849998 -0.121509 0.192367
39 61 32 5.75 -8.449997 -3.849998 -0.092621 0.152899
40 61 32 3.449997 -8.449997 -3.849998 -0.034226 0.127955
45 61 32 -8.050003 -8.449997 -3.849998 -0.136435 0.167558
46 61 32 -10.35 -8.449997 -3.849998 -0.123518 0.189106
48 61 32 -14.95 -8.449997 -3.849998 0.005613 0.146282
49 61 32 -17.25 -8.449997 -3.849998 0.00381 0.133267
50 61 32 -19.55 -8.449997 -3.849998 -0.03915 0.141323
51 61 32 -21.85 -8.449997 -3.849998 -0.064957 0.140875
31 62 32 24.15 -10.74998 -3.849998 -0.175915 0.238247
32 62 32 21.85 -10.74998 -3.849998 -0.168336 0.227895
33 62 32 19.55 -10.74998 -3.849998 -0.11979 0.226699
34 62 32 17.25 -10.74998 -3.849998 -0.10602 0.212094
35 62 32 14.95 -10.74998 -3.849998 -0.093818 0.203127
36 62 32 12.65 -10.74998 -3.849998 -0.105758 0.207284
37 62 32 10.35 -10.74998 -3.849998 -0.140121 0.197054
38 62 32 8.049995 -10.74998 -3.849998 -0.129598 0.196008
39 62 32 5.75 -10.74998 -3.849998 -0.076113 0.183142
45 62 32 -8.050003 -10.74998 -3.849998 -0.154923 0.204662
46 62 32 -10.35 -10.74998 -3.849998 -0.091232 0.207026
47 62 32 -12.65 -10.74998 -3.849998 -0.059248 0.221251
48 62 32 -14.95 -10.74998 -3.849998 -0.021446 0.134693
49 62 32 -17.25 -10.74998 -3.849998 -0.008763 0.129273
50 62 32 -19.55 -10.74998 -3.849998 -0.034597 0.148538
51 62 32 -21.85 -10.74998 -3.849998 -0.066704 0.13703
52 62 32 -24.15 -10.74998 -3.849998 -0.04552 0.100701
35 63 32 14.95 -13.04999 -3.849998 -0.105566 0.18825
36 63 32 12.65 -13.04999 -3.849998 -0.120711 0.213901
37 63 32 10.35 -13.04999 -3.849998 -0.139668 0.234769
38 63 32 8.049995 -13.04999 -3.849998 -0.133697 0.208167
44 63 32 -5.75 -13.04999 -3.849998 -0.141373 0.166186
45 63 32 -8.050003 -13.04999 -3.849998 -0.11144 0.207352
46 63 32 -10.35 -13.04999 -3.849998 -0.078562 0.202624
47 63 32 -12.65 -13.04999 -3.849998 -0.065631 0.228261
48 63 32 -14.95 -13.04999 -3.849998 -0.045918 0.208888
49 63 32 -17.25 -13.04999 -3.849998 -0.043401 0.164814
50 63 32 -19.55 -13.04999 -3.849998 -0.064668 0.142424
51 63 32 -21.85 -13.04999 -3.849998 -0.093199 0.136134
44 64 32 -5.75 -15.34999 -3.849998 -0.080447 0.111149
45 64 32 -8.050003 -15.34999 -3.849998 -0.089966 0.149828
46 64 32 -10.35 -15.34999 -3.849998 -0.091342 0.186239
47 64 32 -12.65 -15.34999 -3.849998 -0.086665 0.205056
48 64 32 -14.95 -15.34999 -3.849998 -0.064269 0.222188
49 64 32 -17.25 -15.34999 -3.849998 -0.093625 0.221156
50 64 32 -19.55 -15.34999 -3.849998 -0.135568 0.204404
51 64 32 -21.85 -15.34999 -3.849998 -0.15103 0.195233
44 65 32 -5.75 -17.64999 -3.849998 -0.041805 0.08975
45 65 32 -8.050003 -17.64999 -3.849998 -0.074642 0.129055
46 65 32 -10.35 -17.64999 -3.849998 -0.093625 0.165317
47 65 32 -12.65 -17.64999 -3.849998 -0.100063 0.192924
48 65 32 -14.95 -17.64999 -3.849998 -0.07654 0.207094
49 65 32 -17.25 -17.64999 -3.849998 -0.090723 0.201143
50 65 32 -19.55 -17.64999 -3.849998 -0.123862 0.219621
27 66 32 33.35 -19.95 -3.849998 0.050389 0.088731
28 66 32 31.05 -19.95 -3.849998 0.035656 0.026751
29 66 32 28.75 -19.95 -3.849998 -0.010895 0.006059
30 66 32 26.45 -19.95 -3.849998 -0.017292 0.007663
26 67 32 35.65 -22.24998 -3.849998 -0.017072 0.171512
27 67 32 33.35 -22.24998 -3.849998 0.018626 0.110442
28 67 32 31.05 -22.24998 -3.849998 0.029686 0.056111
29 67 32 28.75 -22.24998 -3.849998 0.027499 0.00663
30 67 32 26.45 -22.24998 -3.849998 0.009726 -0.022961
31 67 32 24.15 -22.24998 -3.849998 0.007043 -0.001671
26 68 32 35.65 -24.54999 -3.849998 -0.066594 0.180751
27 68 32 33.35 -24.54999 -3.849998 -0.057061 0.151336
28 68 32 31.05 -24.54999 -3.849998 -0.015545 0.099193
29 68 32 28.75 -24.54999 -3.849998 0.043883 0.039481
30 68 32 26.45 -24.54999 -3.849998 0.066567 -0.019184
31 68 32 24.15 -24.54999 -3.849998 0.027196 -0.010149
26 69 32 35.65 -26.84999 -3.849998 -0.06354 0.157545
27 69 32 33.35 -26.84999 -3.849998 -0.085605 0.170833
28 69 32 31.05 -26.84999 -3.849998 -0.04834 0.114423
29 69 32 28.75 -26.84999 -3.849998 0.023124 0.051383
30 69 32 26.45 -26.84999 -3.849998 0.068506 -0.005516
37 48 33 10.35 21.45001 -1.549995 0.004113 0.108078
38 48 33 8.049995 21.45001 -1.549995 0.028462 0.070078
39 48 33 5.75 21.45001 -1.549995 0.043429 0.0641
36 49 33 12.65 19.15001 -1.549995 -0.061009 0.153415
37 49 33 10.35 19.15001 -1.549995 -0.036936 0.136595
38 49 33 8.049995 19.15001 -1.549995 0.005269 0.101557
39 49 33 5.75 19.15001 -1.549995 0.028049 0.065893
40 49 33 3.449997 19.15001 -1.549995 0.042177 0.041737
37 50 33 10.35 16.85001 -1.549995 -0.053581 0.149828
38 50 33 8.049995 16.85001 -1.549995 -0.006699 0.109437
39 50 33 5.75 16.85001 -1.549995 0.018736 0.072224
32 59 33 21.85 -3.849991 -1.549995 -0.063059 0.116175
33 59 33 19.55 -3.849991 -1.549995 -0.065604 0.152179
34 59 33 17.25 -3.849991 -1.549995 -0.02754 0.113132
35 59 33 14.95 -3.849991 -1.549995 0.007924 0.090226
36 59 33 12.65 -3.849991 -1.549995 -0.004801 0.125034
38 59 33 8.049995 -3.849991 -1.549995 -0.110944 0.137343
39 59 33 5.75 -3.849991 -1.549995 -0.080928 0.110592
47 59 33 -12.65 -3.849991 -1.549995 0.028338 0.090742
48 59 33 -14.95 -3.849991 -1.549995 0.041805 0.072048
49 59 33 -17.25 -3.849991 -1.549995 0.026481 0.079778
50 59 33 -19.55 -3.849991 -1.549995 0.002421 0.081938
31 60 33 24.15 -6.149994 -1.549995 -0.104493 0.145372
32 60 33 21.85 -6.149994 -1.549995 -0.126998 0.147451
33 60 33 19.55 -6.149994 -1.549995 -0.135128 0.190152
34 60 33 17.25 -6.149994 -1.549995 -0.112788 0.168482
38 60 33 8.049995 -6.149994 -1.549995 -0.140452 0.163944
39 60 33 5.75 -6.149994 -1.549995 -0.115553 0.144421
40 60 33 3.449997 -6.149994 -1.549995 -0.046923 0.115659
45 60 33 -8.050003 -6.149994 -1.549995 -0.09628 0.128892
48 60 33 -14.95 -6.149994 -1.549995 0.030938 0.078678
49 60 33 -17.25 -6.149994 -1.549995 0.00857 0.077659
50 60 33 -19.55 -6.149994 -1.549995 -0.053718 0.10892
51 60 33 -21.85 -6.149994 -1.549995 -0.080007 0.136976
31 61 33 24.15 -8.449997 -1.549995 -0.131056 0.185044
32 61 33 21.85 -8.449997 -1.549995 -0.15828 0.177069
33 61 33 19.55 -8.449997 -1.549995 -0.16674 0.187639
34 61 33 17.25 -8.449997 -1.549995 -0.128387 0.16279
37 61 33 10.35 -8.449997 -1.549995 -0.100503 0.198046
38 61 33 8.049995 -8.449997 -1.549995 -0.112774 0.196239
39 61 33 5.75 -8.449997 -1.549995 -0.096115 0.169229
40 61 33 3.449997 -8.449997 -1.549995 -0.045396 0.14472
45 61 33 -8.050003 -8.449997 -1.549995 -0.104259 0.144693
46 61 33 -10.35 -8.449997 -1.549995 -0.105373 0.13794
49 61 33 -17.25 -8.449997 -1.549995 0.028723 0.096054
50 61 33 -19.55 -8.449997 -1.549995 -0.032148 0.152872
51 61 33 -21.85 -8.449997 -1.549995 -0.097271 0.181145
52 61 33 -24.15 -8.449997 -1.549995 -0.066236 0.16298
31 62 33 24.15 -10.74998 -1.549995 -0.134701 0.193386
32 62 33 21.85 -10.74998 -1.549995 -0.148857 0.174759
33 62 33 19.55 -10.74998 -1.549995 -0.151704 0.186674
34 62 33 17.25 -10.74998 -1.549995 -0.137274 0.163741
35 62 33 14.95 -10.74998 -1.549995 -0.092745 0.18306
36 62 33 12.65 -10.74998 -1.549995 -0.097807 0.180166
37 62 33 10.35 -10.74998 -1.549995 -0.11177 0.17499
38 62 33 8.049995 -10.74998 -1.549995 -0.122899 0.201021
39 62 33 5.75 -10.74998 -1.549995 -0.089031 0.191687
45 62 33 -8.050003 -10.74998 -1.549995 -0.155529 0.176417
46 62 33 -10.35 -10.74998 -1.549995 -0.086307 0.14366
47 62 33 -12.65 -10.74998 -1.549995 -0.051902 0.116067
49 62 33 -17.25 -10.74998 -1.549995 -0.010152 0.087087
50 62 33 -19.55 -10.74998 -1.549995 -0.03805 0.118526
51 62 33 -21.85 -10.74998 -1.549995 -0.091438 0.156119
52 62 33 -24.15 -10.74998 -1.549995 -0.060404 0.153768
36 63 33 12.65 -13.04999 -1.549995 -0.111068 0.212855
37 63 33 10.35 -13.04999 -1.549995 -0.166602 0.21045
45 63 33 -8.050003 -13.04999 -1.549995 -0.108606 0.190845
46 63 33 -10.35 -13.04999 -1.549995 -0.080557 0.150752
47 63 33 -12.65 -13.04999 -1.549995 -0.056868 0.13021
48 63 33 -14.95 -13.04999 -1.549995 -0.037472 0.109056
49 63 33 -17.25 -13.04999 -1.549995 -0.043415 0.088174
50 63 33 -19.55 -13.04999 -1.549995 -0.083184 0.116909
51 63 33 -21.85 -13.04999 -1.549995 -0.129887 0.135305
44 64 33 -5.75 -15.34999 -1.549995 -0.089787 0.11892
45 64 33 -8.050003 -15.34999 -1.549995 -0.099417 0.140427
46 64 33 -10.35 -15.34999 -1.549995 -0.086004 0.162015
47 64 33 -12.65 -15.34999 -1.549995 -0.068176 0.160249
48 64 33 -14.95 -15.34999 -1.549995 -0.052356 0.146337
49 64 33 -17.25 -15.34999 -1.549995 -0.08804 0.112113
50 64 33 -19.55 -15.34999 -1.549995 -0.144262 0.150983
44 65 33 -5.75 -17.64999 -1.549995 -0.057804 0.093025
45 65 33 -8.050003 -17.64999 -1.549995 -0.086334 0.129069
48 65 33 -14.95 -17.64999 -1.549995 -0.057377 0.17374
49 65 33 -17.25 -17.64999 -1.549995 -0.068644 0.12074
29 67 33 28.75 -22.24998 -1.549995 0.058162 0.030039
30 67 33 26.45 -22.24998 -1.549995 0.00641 0.001005
28 68 33 31.05 -24.54999 -1.549995 0.039838 0.101475
29 68 33 28.75 -24.54999 -1.549995 0.103447 0.041071
30 68 33 26.45 -24.54999 -1.549995 0.118056 -0.018966
38 49 34 8.049995 19.15001 0.75 0.010083 0.104885
39 49 34 5.75 19.15001 0.75 0.042397 0.102535
48 59 34 -14.95 -3.849991 0.75 0.022959 0.088799
50 59 34 -19.55 -3.849991 0.75 0.03556 0.103336
38 60 34 8.049995 -6.149994 0.75 -0.111687 0.137574
45 60 34 -8.050003 -6.149994 0.75 -0.09097 0.118933
49 60 34 -17.25 -6.149994 0.75 0.015613 0.109994
50 60 34 -19.55 -6.149994 0.75 0.009285 0.129395
51 60 34 -21.85 -6.149994 0.75 -0.00022 0.122493
34 61 34 17.25 -8.449997 0.75 -0.086665 0.128824
37 61 34 10.35 -8.449997 0.75 -0.066126 0.117588
38 61 34 8.049995 -8.449997 0.75 -0.081891 0.132832
39 61 34 5.75 -8.449997 0.75 -0.087091 0.150576
45 61 34 -8.050003 -8.449997 0.75 -0.10419 0.11642
46 61 34 -10.35 -8.449997 0.75 -0.023152 0.087916
49 61 34 -17.25 -8.449997 0.75 0.034707 0.095049
50 61 34 -19.55 -8.449997 0.75 0.00326 0.163931
51 61 34 -21.85 -8.449997 0.75 -0.047679 0.16855
36 62 34 12.65 -10.74998 0.75 -0.060431 0.142003
37 62 34 10.35 -10.74998 0.75 -0.079621 0.150046
38 62 34 8.049995 -10.74998 0.75 -0.104548 0.154529
46 62 34 -10.35 -10.74998 0.75 -0.078452 0.111013
47 62 34 -12.65 -10.74998 0.75 -0.029741 0.084112
49 62 34 -17.25 -10.74998 0.75 -0.000426 0.075757
50 62 34 -19.55 -10.74998 0.75 -0.037926 0.128512
51 62 34 -21.85 -10.74998 0.75 -0.067475 0.17552
46 63 34 -10.35 -13.04999 0.75 -0.071134 0.14563
47 63 34 -12.65 -13.04999 0.75 -0.037252 0.122792
48 63 34 -14.95 -13.04999 0.75 -0.030099 0.073583
49 63 34 -17.25 -13.04999 0.75 -0.045767 0.080892
50 63 34 -19.55 -13.04999 0.75 -0.084202 0.134476
46 64 34 -10.35 -15.34999 0.75 -0.087284 0.191715
47 64 34 -12.65 -15.34999 0.75 -0.045616 0.177748
48 64 34 -14.95 -15.34999 0.75 -0.04292 0.122507
49 64 34 -17.25 -15.34999 0.75 -0.063884 0.085049
48 65 34 -14.95 -17.64999 0.75 -0.036303 0.135413
49 65 34 -17.25 -17.64999 0.75 -0.050252 0.078175
36 60 36 12.65 -6.149994 5.349998 -0.001788 0.075702
37 60 36 10.35 -6.149994 5.349998 -0.000605 0.074833
35 61 36 14.95 -8.449997 5.349998 0.008955 0.065472
36 61 36 12.65 -8.449997 5.349998 0.004457 0.060268
37 61 36 10.35 -8.449997 5.349998 -0.012876 0.082604
35 62 36 14.95 -10.74998 5.349998 -0.013082 0.095443
36 62 36 12.65 -10.74998 5.349998 -0.019204 0.114572
37 62 36 10.35 -10.74998 5.349998 -0.034006 0.124232
36 59 37 12.65 -3.849991 7.650002 -0.032025 0.14188
37 59 37 10.35 -3.849991 7.650002 -0.016136 0.115863
36 60 37 12.65 -6.149994 7.650002 -0.016865 0.074928
37 60 37 10.35 -6.149994 7.650002 -0.009368 0.052891
38 60 37 8.049995 -6.149994 7.650002 -0.004141 0.052864
35 61 37 14.95 -8.449997 7.650002 0.017457 0.07145
36 61 37 12.65 -8.449997 7.650002 0.012793 0.055989
37 61 37 10.35 -8.449997 7.650002 1.375628e-05 0.059548
38 61 37 8.049995 -8.449997 7.650002 0.005255 0.070716
35 62 37 14.95 -10.74998 7.650002 0.009464 0.089057
36 62 37 12.65 -10.74998 7.650002 0.005076 0.088704
37 62 37 10.35 -10.74998 7.650002 -0.013949 0.100646
36 59 38 12.65 -3.849991 9.950005 -0.057996 0.144095
37 59 38 10.35 -3.849991 9.950005 -0.025862 0.082536
35 60 38 14.95 -6.149994 9.950005 -0.035587 0.129884
36 60 38 12.65 -6.149994 9.950005 -0.02278 0.093921
37 60 38 10.35 -6.149994 9.950005 -0.010661 0.06376
38 60 38 8.049995 -6.149994 9.950005 -0.015847 0.072795
35 61 38 14.95 -8.449997 9.950005 0.013041 0.108119
36 61 38 12.65 -8.449997 9.950005 0.023152 0.078392
37 61 38 10.35 -8.449997 9.950005 0.000165 0.075716
38 61 38 8.049995 -8.449997 9.950005 -0.010867 0.086965
35 62 38 14.95 -10.74998 9.950005 0.032946 0.118376
36 62 38 12.65 -10.74998 9.950005 0.032534 0.104288
37 62 38 10.35 -10.74998 9.950005 0.002008 0.107847
36 59 39 12.65 -3.849991 12.25 -0.057336 0.130509
37 59 39 10.35 -3.849991 12.25 -0.021157 0.081245
38 59 39 8.049995 -3.849991 12.25 0.007263 0.057429
36 60 39 12.65 -6.149994 12.25 -0.009547 0.108689
37 60 39 10.35 -6.149994 12.25 0.005668 0.069819
38 60 39 8.049995 -6.149994 12.25 -0.010716 0.096
36 61 39 12.65 -8.449997 12.25 0.038999 0.102847
37 61 39 10.35 -8.449997 12.25 0.011844 0.0874
38 61 39 8.049995 -8.449997 12.25 -0.028861 0.107956
37 59 40 10.35 -3.849991 14.55 0.002517 0.059141
38 59 40 8.049995 -3.849991 14.55 -0.001348 0.049263
36 60 40 12.65 -6.149994 14.55 0.0193 0.087074
37 60 40 10.35 -6.149994 14.55 0.021281 0.067958
38 60 40 8.049995 -6.149994 14.55 -0.009354 0.075634
37 61 40 10.35 -8.449997 14.55 0.025408 0.093717
37 59 41 10.35 -3.849991 16.85 0.001733 0.049522
38 59 41 8.049995 -3.849991 16.85 -0.033455 0.032729
38 60 41 8.049995 -6.149994 16.85 -0.025091 0.056097
