31 21 25 24.15 83.55 -19.95 -0.057061 0.025144 0.143891 0.014111
31 22 25 24.15 81.25001 -19.95 -0.069717 0.008222 0.214173 0.005619
33 58 25 19.55 -1.549988 -19.95 0.023578 0.059773 0.023001 0.012607
34 58 25 17.25 -1.549988 -19.95 0.046372 0.055014 0.014986 0.011595
30 18 26 26.45 90.45001 -17.65 -0.164663 0.01119 0.10244 0.02027
31 18 26 24.15 90.45001 -17.65 -0.16458 0.004231 0.147532 0
30 19 26 26.45 88.15001 -17.65 -0.088205 0.020743 0.07255 0.011865
31 19 26 24.15 88.15001 -17.65 -0.180716 0 0.140929 0.005166
30 20 26 26.45 85.85001 -17.65 -0.040113 0.038604 0.034618 0.015644
31 20 26 24.15 85.85001 -17.65 -0.071491 0.028897 0.061695 0.029562
30 21 26 26.45 83.55 -17.65 -0.033882 0.042101 0.049141 0.024174
31 21 26 24.15 83.55 -17.65 -0.058313 0.024428 0.097644 0.0216
32 21 26 21.85 83.55 -17.65 -0.097931 0.009519 0.150127 0.008646
31 22 26 24.15 81.25001 -17.65 -0.091452 0.010406 0.178889 0.013909
32 22 26 21.85 81.25001 -17.65 -0.134688 0.001604 0.222338 0.006969
33 57 26 19.55 0.750015 -17.65 0.021707 0.031422 0.000842 0.020386
34 57 26 17.25 0.750015 -17.65 0.043264 0.019191 -0.012771 0.025716
32 58 26 21.85 -1.549988 -17.65 -0.007016 0.030091 0.038435 0.018227
33 58 26 19.55 -1.549988 -17.65 0.016342 0.038143 0.023817 0.02453
34 58 26 17.25 -1.549988 -17.65 0.053044 0.026083 0.002921 0.021947
35 58 26 14.95 -1.549988 -17.65 0.044928 0.018389 0.020271 0.014497
46 58 26 -10.35 -1.549988 -17.65 -0.06365 0.039201 0.114572 0.024174
47 58 26 -12.65 -1.549988 -17.65 -0.049949 0.025758 0.108255 0.008434
48 58 26 -14.95 -1.549988 -17.65 -0.039577 0.02146 0.089207 0.016656
32 59 26 21.85 -3.849991 -17.65 -0.038009 0.025758 0.074316 0.009051
33 59 26 19.55 -3.849991 -17.65 -0.004663 0.03439 0.101434 0.000434
34 59 26 17.25 -3.849991 -17.65 0.028255 0.039985 0.082563 0.000193
35 59 26 14.95 -3.849991 -17.65 0.029287 0.024223 0.056016 0.00214
46 59 26 -10.35 -3.849991 -17.65 -0.031323 0.020231 0.160086 0.007884
47 59 26 -12.65 -3.849991 -17.65 -0.045217 0.008598 0.149448 0.004636
48 59 26 -14.95 -3.849991 -17.65 -0.064146 0.011173 0.104885 0.010092
33 60 26 19.55 -6.149994 -17.65 -0.021694 0.007676 0.10801 0.002602
34 60 26 17.25 -6.149994 -17.65 0.006631 0 0.073338 0.00641
35 60 26 14.95 -6.149994 -17.65 -0.012504 0 0.070825 0.006053
36 60 26 12.65 -6.149994 -17.65 0.005117 0 0.0849 0.006178
46 60 26 -10.35 -6.149994 -17.65 0.038036 0 0.100212 0.009542
47 60 26 -12.65 -6.149994 -17.65 0.018516 0.009416 0.072401 0.01946
48 60 26 -14.95 -6.149994 -17.65 0.002325 0.00916 0.052171 0.020578
34 61 26 17.25 -8.449997 -17.65 0.000702 0 0.074615 0.012068
35 61 26 14.95 -8.449997 -17.65 0.005062 0 0.058584 0.014805
48 61 26 -14.95 -8.449997 -17.65 0.038284 0.021903 0.003777 0.027538
31 17 27 24.15 92.75001 -15.35 -0.180042 0.010065 0.16139 0.00134
30 18 27 26.45 90.45001 -15.35 -0.190497 0.011327 0.144353 0.002747
31 18 27 24.15 90.45001 -15.35 -0.215506 0.003906 0.168577 0
29 19 27 28.75 88.15001 -15.35 -0.092552 0.017485 0.115455 0
30 19 27 26.45 88.15001 -15.35 -0.150274 0.00974 0.149108 0
31 19 27 24.15 88.15001 -15.35 -0.211379 0 0.161947 0
30 20 27 26.45 85.85001 -15.35 -0.082194 0.017656 0.049209 0.010988
31 20 27 24.15 85.85001 -15.35 -0.145253 0.004742 0.116135 0.007759
30 21 27 26.45 83.55 -15.35 -0.081093 0.017212 0.048448 0.016742
31 21 27 24.15 83.55 -15.35 -0.118056 0.007352 0.111746 0.010805
52 56 27 -24.15 3.050003 -15.35 -0.04944 0.021391 0.048503 0.009783
53 56 27 -26.45 3.050003 -15.35 -0.052315 0.014653 0.06145 0.00747
32 57 27 21.85 0.750015 -15.35 -0.001678 0.03074 0.031982 0.031191
33 57 27 19.55 0.750015 -15.35 0.01875 0.028624 0.011589 0.040771
34 57 27 17.25 0.750015 -15.35 0.035945 0.024735 -0.010624 0.049967
35 57 27 14.95 0.750015 -15.35 0.031736 0.023643 -0.001372 0.050699
36 57 27 12.65 0.750015 -15.35 0.02926 0.018355 0.006807 0.038516
46 57 27 -10.35 0.750015 -15.35 -0.051338 0.068098 0.100701 0.035865
47 57 27 -12.65 0.750015 -15.35 -0.043002 0.047099 0.097386 0.021388
51 57 27 -21.85 0.750015 -15.35 0.030071 0.034441 0.008505 0.008019
52 57 27 -24.15 0.750015 -15.35 0.004154 0.038331 0.01845 0.009263
53 57 27 -26.45 0.750015 -15.35 -0.01842 0.022756 0.033259 0.007643
31 58 27 24.15 -1.549988 -15.35 -0.048271 0.024257 0.065648 0.022776
32 58 27 21.85 -1.549988 -15.35 -0.021061 0.033247 0.064738 0.023701
33 58 27 19.55 -1.549988 -15.35 0.006562 0.037222 0.051424 0.022709
34 58 27 17.25 -1.549988 -15.35 0.034253 0.042988 0.026153 0.033629
35 58 27 14.95 -1.549988 -15.35 0.030525 0.035072 0.040691 0.021677
36 58 27 12.65 -1.549988 -15.35 0.030883 0.017673 0.055146 0.021032
45 58 27 -8.050003 -1.549988 -15.35 -0.047487 0.052404 0.129857 0.023191
46 58 27 -10.35 -1.549988 -15.35 -0.07881 0.041828 0.160453 0.027711
47 58 27 -12.65 -1.549988 -15.35 -0.08174 0.031797 0.175914 0.012713
48 58 27 -14.95 -1.549988 -15.35 -0.068025 0.025929 0.142505 0.011027
51 58 27 -21.85 -1.549988 -15.35 0.008323 0.040719 0.031534 0.022776
52 58 27 -24.15 -1.549988 -15.35 0.008254 0.041657 0.012295 0.033128
31 59 27 24.15 -3.849991 -15.35 -0.072042 0.021528 0.089927 0.016993
32 59 27 21.85 -3.849991 -15.35 -0.054778 0.024274 0.103269 0.011836
33 59 27 19.55 -3.849991 -15.35 -0.005626 0.040395 0.081055 0.01307
34 59 27 17.25 -3.849991 -15.35 0.028957 0.045871 0.065635 0.015094
35 59 27 14.95 -3.849991 -15.35 0.029851 0.030927 0.082441 0.01307
36 59 27 12.65 -3.849991 -15.35 0.017567 0.012248 0.095511 0.011133
37 59 27 10.35 -3.849991 -15.35 -0.018736 0.001706 0.163415 0.00214
38 59 27 8.049995 -3.849991 -15.35 -0.018447 0.006414 0.094288 0.008627
45 59 27 -8.050003 -3.849991 -15.35 -0.044213 0.014773 0.137139 0.00879
46 59 27 -10.35 -3.849991 -15.35 -0.067461 0.020419 0.159556 0.012868
47 59 27 -12.65 -3.849991 -15.35 -0.088136 0.016172 0.174976 0.009349
48 59 27 -14.95 -3.849991 -15.35 -0.091864 0.017178 0.175221 0.010217
49 59 27 -17.25 -3.849991 -15.35 -0.068231 0.016206 0.146826 0.008954
31 60 27 24.15 -6.149994 -15.35 -0.07676 0.011907 0.104532 0.001571
32 60 27 21.85 -6.149994 -15.35 -0.064434 0.012913 0.160955 0
33 60 27 19.55 -6.149994 -15.35 -0.01311 0.015131 0.098799 0.00773
34 60 27 17.25 -6.149994 -15.35 0.013495 0.00812 0.094505 0.013475
35 60 27 14.95 -6.149994 -15.35 5.502512e-05 0.002866 0.115741 0.010892
36 60 27 12.65 -6.149994 -15.35 0.003288 0.011463 0.122411 0.007133
37 60 27 10.35 -6.149994 -15.35 -0.029287 0.007574 0.150209 0.002304
38 60 27 8.049995 -6.149994 -15.35 -0.013605 0.011515 0.090783 0.007258
39 60 27 5.75 -6.149994 -15.35 0.023083 0.032155 0.039848 0.042622
45 60 27 -8.050003 -6.149994 -15.35 0.021872 0.006295 0.141595 0.003836
46 60 27 -10.35 -6.149994 -15.35 -0.011954 0.009348 0.143253 0.010352
47 60 27 -12.65 -6.149994 -15.35 -0.059042 0.023285 0.13794 0.017552
48 60 27 -14.95 -6.149994 -15.35 -0.054791 0.023882 0.123947 0.019952
49 60 27 -17.25 -6.149994 -15.35 -0.03622 0.014107 0.101462 0.019017
31 61 27 24.15 -8.449997 -15.35 -0.072344 0.008563 0.111733 0
32 61 27 21.85 -8.449997 -15.35 -0.075247 0.006192 0.15688 0
33 61 27 19.55 -8.449997 -15.35 -0.011995 0.00974 0.116474 0.005561
34 61 27 17.25 -8.449997 -15.35 0.028874 0.011225 0.097685 0.011952
35 61 27 14.95 -8.449997 -15.35 0.008529 0 0.10551 0.011672
36 61 27 12.65 -8.449997 -15.35 -0.019094 0 0.137764 0.004366
37 61 27 10.35 -8.449997 -15.35 -0.028558 0 0.142478 0.001195
38 61 27 8.049995 -8.449997 -15.35 -0.007704 0.017144 0.064358 0.008752
39 61 27 5.75 -8.449997 -15.35 0.013646 0.05962 0.025325 0.040424
46 61 27 -10.35 -8.449997 -15.35 0.027678 0.006977 0.10388 0.016656
47 61 27 -12.65 -8.449997 -15.35 -0.01029 0.02714 0.10816 0.023036
48 61 27 -14.95 -8.449997 -15.35 -0.008102 0.031217 0.087019 0.02321
49 61 27 -17.25 -8.449997 -15.35 0.020015 0.018167 0.07342 0.020415
32 62 27 21.85 -10.74998 -15.35 -0.067144 0.002917 0.149299 0
33 62 27 19.55 -10.74998 -15.35 -0.014238 0.011395 0.133484 0.003634
34 62 27 17.25 -10.74998 -15.35 0.031199 0.008171 0.087984 0.009783
35 62 27 14.95 -10.74998 -15.35 0.049014 0.008888 0.085457 0.014121
36 62 27 12.65 -10.74998 -15.35 0.047267 0 0.085348 0.01413
37 62 27 10.35 -10.74998 -15.35 0.024307 0 0.068991 0.013986
38 62 27 8.049995 -10.74998 -15.35 0.021364 0.01595 0.01989 0.011653
39 62 27 5.75 -10.74998 -15.35 0.023881 0.055867 -0.008247 0.020685
26 70 27 35.65 -29.14999 -15.35 -0.006837 0.004026 0.048856 0.008848
27 70 27 33.35 -29.14999 -15.35 -0.020359 0.010576 0.063162 0.009398
26 71 27 35.65 -31.45 -15.35 -0.028806 0.012879 0.08649 0.009774
27 71 27 33.35 -31.45 -15.35 -0.041283 0.014005 0.083677 0.00773
25 72 27 37.95 -33.74998 -15.35 -0.047569 0.04964 0.129408 0.009002
26 72 27 35.65 -33.74998 -15.35 -0.037596 0.022876 0.096897 0.013812
26 73 27 35.65 -36.04999 -15.35 -0.061601 0.014073 0.117425 0.015393
30 17 28 26.45 92.75001 -13.05 -0.161402 0 0.158048 0.00294
29 18 28 28.75 90.45001 -13.05 -0.146491 0.00609 0.163252 0
30 18 28 26.45 90.45001 -13.05 -0.183206 0.002115 0.164257 0
31 18 28 24.15 90.45001 -13.05 -0.140493 0.010133 0.118743 0.006506
29 19 28 28.75 88.15001 -13.05 -0.097601 0.013135 0.118322 0
30 19 28 26.45 88.15001 -13.05 -0.168404 0.005015 0.141337 0
31 19 28 24.15 88.15001 -13.05 -0.14041 0.008853 0.133566 0.005764
30 20 28 26.45 85.85001 -13.05 -0.098357 0.019464 0.099424 0.009243
31 20 28 24.15 85.85001 -13.05 -0.120959 0.011753 0.122724 0.006236
52 55 28 -24.15 5.350006 -13.05 -0.134701 0.002388 0.106733 0
53 55 28 -26.45 5.350006 -13.05 -0.123972 0.002542 0.111543 0.001272
51 56 28 -21.85 3.050003 -13.05 -0.026219 0.004896 -0.008451 0
52 56 28 -24.15 3.050003 -13.05 -0.065494 0.003548 0.03652 0.001186
53 56 28 -26.45 3.050003 -13.05 -0.089237 0 0.090484 0.000713
54 56 28 -28.75 3.050003 -13.05 -0.031406 0 0.053543 0.004106
32 57 28 21.85 0.750015 -13.05 -0.024156 0.029835 0.05228 0.023769
33 57 28 19.55 0.750015 -13.05 0.017773 0.019447 0.043625 0.029205
34 57 28 17.25 0.750015 -13.05 0.031048 0.018509 0.038109 0.029803
35 57 28 14.95 0.750015 -13.05 0.023647 0.011719 0.023477 0.031682
36 57 28 12.65 0.750015 -13.05 0.015531 0.004401 0.030107 0.026285
46 57 28 -10.35 0.750015 -13.05 -0.025876 0.038262 0.094573 0.019007
47 57 28 -12.65 0.750015 -13.05 -0.028077 0.020777 0.10585 0.019499
50 57 28 -19.55 0.750015 -13.05 0.001513 0.028095 0.051573 0.009918
51 57 28 -21.85 0.750015 -13.05 0.022918 0.012965 0.031017 0.001378
52 57 28 -24.15 0.750015 -13.05 0.024142 0.005698 0.068461 0
53 57 28 -26.45 0.750015 -13.05 0.001967 0 0.094044 0
54 57 28 -28.75 0.750015 -13.05 -0.013536 0 0.070227 0.000761
30 58 28 26.45 -1.549988 -13.05 -0.064201 0.022142 0.130916 0.015036
31 58 28 24.15 -1.549988 -13.05 -0.085509 0.026628 0.125957 0.02268
32 58 28 21.85 -1.549988 -13.05 -0.055231 0.022961 0.092753 0.023085
33 58 28 19.55 -1.549988 -13.05 -0.003948 0.030177 0.078678 0.021716
34 58 28 17.25 -1.549988 -13.05 0.019341 0.036488 0.07827 0.021388
35 58 28 14.95 -1.549988 -13.05 0.017814 0.022551 0.088949 0.016993
36 58 28 12.65 -1.549988 -13.05 0.011872 0.009911 0.084819 0.015335
37 58 28 10.35 -1.549988 -13.05 -0.003797 0.001604 0.091761 0.012675
38 58 28 8.049995 -1.549988 -13.05 -0.0026 0.012453 0.099723 0.010043
45 58 28 -8.050003 -1.549988 -13.05 -0.020827 0.015796 0.147492 0.004617
46 58 28 -10.35 -1.549988 -13.05 -0.062261 0.022739 0.176199 0.017697
47 58 28 -12.65 -1.549988 -13.05 -0.070171 0.027498 0.17552 0.023788
48 58 28 -14.95 -1.549988 -13.05 -0.086183 0.030211 0.17067 0.022969
49 58 28 -17.25 -1.549988 -13.05 -0.056277 0.023558 0.155426 0.020241
50 58 28 -19.55 -1.549988 -13.05 -0.032534 0.022091 0.129599 0.012607
51 58 28 -21.85 -1.549988 -13.05 -0.005984 0.018423 0.094872 0.008646
52 58 28 -24.15 -1.549988 -13.05 0.016796 0.014107 0.075512 0.008472
53 58 28 -26.45 -1.549988 -13.05 0.013701 0.015916 0.051369 0.005311
30 59 28 26.45 -3.849991 -13.05 -0.053429 0.018321 0.123838 0.00906
31 59 28 24.15 -3.849991 -13.05 -0.09584 0.018048 0.140658 0.012819
32 59 28 21.85 -3.849991 -13.05 -0.081313 0.022313 0.13127 0.01359
33 59 28 19.55 -3.849991 -13.05 -0.019699 0.042203 0.101924 0.013648
34 59 28 17.25 -3.849991 -13.05 0.005778 0.042732 0.108866 0.015884
35 59 28 14.95 -3.849991 -13.05 0.000578 0.019327 0.13396 0.012511
36 59 28 12.65 -3.849991 -13.05 -0.011597 0.008546 0.140943 0.008704
37 59 28 10.35 -3.849991 -13.05 -0.026495 0.002064 0.162219 0.003142
38 59 28 8.049995 -3.849991 -13.05 -0.012037 0.016837 0.146255 0.003557
39 59 28 5.75 -3.849991 -13.05 0.002421 0.016939 0.054453 0.007113
44 59 28 -5.75 -3.849991 -13.05 0.028984 0.004435 0.132547 0
45 59 28 -8.050003 -3.849991 -13.05 -0.030553 0 0.169134 0.004193
46 59 28 -10.35 -3.849991 -13.05 -0.075577 0.01334 0.190791 0.00959
47 59 28 -12.65 -3.849991 -13.05 -0.098316 0.022466 0.197027 0.014256
48 59 28 -14.95 -3.849991 -13.05 -0.126613 0.025656 0.190274 0.01681
49 59 28 -17.25 -3.849991 -13.05 -0.10961 0.023711 0.211306 0.011422
50 59 28 -19.55 -3.849991 -13.05 -0.076457 0.016632 0.208521 0
51 59 28 -21.85 -3.849991 -13.05 -0.047445 0.009178 0.144693 0.007383
30 60 28 26.45 -6.149994 -13.05 -0.062178 0.016257 0.117113 0.004492
31 60 28 24.15 -6.149994 -13.05 -0.088123 0.010696 0.14188 0.004357
32 60 28 21.85 -6.149994 -13.05 -0.085757 0.011497 0.154733 0.004694
33 60 28 19.55 -6.149994 -13.05 -0.036839 0.010798 0.14169 0.008164
34 60 28 17.25 -6.149994 -13.05 -0.007456 0.009706 0.135644 0.01439
35 60 28 14.95 -6.149994 -13.05 -0.014802 0.004282 0.152138 0.013822
36 60 28 12.65 -6.149994 -13.05 -0.01897 0.007847 0.156567 0.008289
37 60 28 10.35 -6.149994 -13.05 -0.042947 0.003531 0.159529 0.001957
38 60 28 8.049995 -6.149994 -13.05 -0.02926 0.005851 0.148184 9.638637e-06
39 60 28 5.75 -6.149994 -13.05 -0.001596 0.026151 0.090892 0.011104
40 60 28 3.449997 -6.149994 -13.05 0.039425 0.012743 0.021453 0.015075
44 60 28 -5.75 -6.149994 -13.05 0.055245 0 0.132601 0.000627
45 60 28 -8.050003 -6.149994 -13.05 -0.012628 0 0.178944 0.004771
46 60 28 -10.35 -6.149994 -13.05 -0.057185 0.017707 0.191552 0.010362
47 60 28 -12.65 -6.149994 -13.05 -0.07599 0.022381 0.177259 0.021051
48 60 28 -14.95 -6.149994 -13.05 -0.083817 0.022637 0.181837 0.020048
49 60 28 -17.25 -6.149994 -13.05 -0.096542 0.015967 0.20882 0.00613
50 60 28 -19.55 -6.149994 -13.05 -0.083803 0.008052 0.196497 0.000116
30 61 28 26.45 -8.449997 -13.05 -0.05563 0.01682 0.111434 0.00133
31 61 28 24.15 -8.449997 -13.05 -0.091094 0.008649 0.158551 0
32 61 28 21.85 -8.449997 -13.05 -0.090076 0.009519 0.165357 0.000713
33 61 28 19.55 -8.449997 -13.05 -0.027031 0.009945 0.137275 0.009041
34 61 28 17.25 -8.449997 -13.05 0.001802 0.019413 0.139462 0.012771
35 61 28 14.95 -8.449997 -13.05 -0.003838 0.014397 0.142179 0.015229
36 61 28 12.65 -8.449997 -13.05 -0.018021 0 0.151785 0.008174
37 61 28 10.35 -8.449997 -13.05 -0.045588 0 0.15567 0.001234
38 61 28 8.049995 -8.449997 -13.05 -0.015875 0 0.132696 0
39 61 28 5.75 -8.449997 -13.05 0.009409 0.02511 0.067265 0.013388
40 61 28 3.449997 -8.449997 -13.05 0.046042 0.015319 0.004769 0.008039
44 61 28 -5.75 -8.449997 -13.05 0.048725 0 0.078827 0.0056
45 61 28 -8.050003 -8.449997 -13.05 -0.003384 0.004213 0.138267 0.010901
46 61 28 -10.35 -8.449997 -13.05 -0.020125 0.03323 0.145766 0.024222
47 61 28 -12.65 -8.449997 -13.05 -0.03556 0.023677 0.155331 0.025629
48 61 28 -14.95 -8.449997 -13.05 -0.046084 0.019276 0.181131 0.017918
49 61 28 -17.25 -8.449997 -13.05 -0.059014 0.010798 0.227052 0.001484
31 62 28 24.15 -10.74998 -13.05 -0.105057 0.008666 0.164719 0.000993
32 62 28 21.85 -10.74998 -13.05 -0.085908 0.010525 0.157899 0.000463
33 62 28 19.55 -10.74998 -13.05 -0.036289 0.012879 0.126691 0.005292
34 62 28 17.25 -10.74998 -13.05 -0.018764 0.030603 0.129232 0.009494
35 62 28 14.95 -10.74998 -13.05 -0.005901 0.026663 0.129436 0.016347
36 62 28 12.65 -10.74998 -13.05 0.00205 0.012453 0.121596 0.016675
37 62 28 10.35 -10.74998 -13.05 -0.032988 0 0.115224 0.009764
38 62 28 8.049995 -10.74998 -13.05 -0.00758 0 0.0838 0.003354
39 62 28 5.75 -10.74998 -13.05 -0.004113 0.008734 0.037484 0.007345
40 62 28 3.449997 -10.74998 -13.05 0.010799 0 0.001168 0
45 62 28 -8.050003 -10.74998 -13.05 -0.012903 0.016752 0.097263 0.016684
46 62 28 -10.35 -10.74998 -13.05 -0.022326 0.021562 0.127479 0.02346
47 62 28 -12.65 -10.74998 -13.05 -0.023386 0.009877 0.139978 0.021542
48 62 28 -14.95 -10.74998 -13.05 -0.022478 0.006755 0.156744 0.013494
27 68 28 33.35 -24.54999 -13.05 -0.000894 0 0.025977 0.010063
28 68 28 31.05 -24.54999 -13.05 0.051173 0.0174 0.03099 0.005571
29 68 28 28.75 -24.54999 -13.05 0.034996 0.036062 0.064738 0.010063
26 69 28 35.65 -26.84999 -13.05 0.049096 0 0.028354 0.005311
27 69 28 33.35 -26.84999 -13.05 0.020359 0.001774 0.031275 0.01199
28 69 28 31.05 -26.84999 -13.05 0.028998 0.025741 0.040419 0.010911
29 69 28 28.75 -26.84999 -13.05 0.016067 0.044881 0.064127 0.018121
26 70 28 35.65 -29.14999 -13.05 0.003962 0.005288 0.048598 0.010795
27 70 28 33.35 -29.14999 -13.05 -0.006961 0.009314 0.054141 0.011441
28 70 28 31.05 -29.14999 -13.05 0.007153 0.018969 0.062007 0.011576
25 71 28 37.95 -31.45 -13.05 -0.012835 0.04425 0.081897 0.010651
26 71 28 35.65 -31.45 -13.05 -0.012367 0.027567 0.065513 0.014583
27 71 28 33.35 -31.45 -13.05 -0.030085 0.013391 0.052429 0.016183
25 72 28 37.95 -33.74998 -13.05 -0.040856 0.05701 0.134924 0.00826
26 72 28 35.65 -33.74998 -13.05 -0.027389 0.027157 0.099193 0.01253
27 72 28 33.35 -33.74998 -13.05 -0.039522 0.022023 0.065377 0.021263
26 73 28 35.65 -36.04999 -13.05 -0.063568 0.016393 0.139109 0.011316
29 18 29 28.75 90.45001 -10.75 -0.179602 0.00116 0.192842 0
30 18 29 26.45 90.45001 -10.75 -0.192877 0.000409 0.179895 0
29 19 29 28.75 88.15001 -10.75 -0.144689 0.016803 0.165969 0.005552
30 19 29 26.45 88.15001 -10.75 -0.159243 0.014022 0.166988 0.004713
31 19 29 24.15 88.15001 -10.75 -0.142446 0.015046 0.132927 0.015268
26 20 29 35.65 85.85001 -10.75 -0.166726 0 0.203195 0.00212
27 20 29 33.35 85.85001 -10.75 -0.125705 0.010935 0.168537 0.002921
28 20 29 31.05 85.85001 -10.75 -0.114438 0.016496 0.123213 0.010169
25 21 29 37.95 83.55 -10.75 -0.185049 0.00812 0.193766 0.006988
26 21 29 35.65 83.55 -10.75 -0.16923 0.003241 0.137112 0.001745
27 21 29 33.35 83.55 -10.75 -0.116075 0.008563 0.116963 0.000646
28 21 29 31.05 83.55 -10.75 -0.112348 0.00974 0.097236 0.007672
25 22 29 37.95 81.25001 -10.75 -0.16066 0.002576 0.115442 0.008453
26 22 29 35.65 81.25001 -10.75 -0.150728 0.000785 0.046818 0.004733
27 22 29 33.35 81.25001 -10.75 -0.138842 0 0.048136 0.010786
28 22 29 31.05 81.25001 -10.75 -0.139778 0 0.056586 0.020222
36 47 29 12.65 23.75001 -10.75 -0.039343 0.009979 0.056913 0.009542
37 47 29 10.35 23.75001 -10.75 -0.02571 0.015353 0.066233 0.006255
38 47 29 8.049995 23.75001 -10.75 -0.032424 0.013783 0.075594 0.006689
39 47 29 5.75 23.75001 -10.75 -0.047954 0.011583 0.08452 0.008154
36 48 29 12.65 21.45001 -10.75 -0.062233 0.012163 0.086299 0.017137
37 48 29 10.35 21.45001 -10.75 -0.04911 0.015114 0.096462 0.009986
38 48 29 8.049995 21.45001 -10.75 -0.037211 0.009109 0.093242 0.005195
35 49 29 14.95 19.15001 -10.75 -0.016067 0.00945 0.058285 0.01173
36 49 29 12.65 19.15001 -10.75 -0.043717 0.013186 0.082074 0.011653
37 49 29 10.35 19.15001 -10.75 -0.036688 0.014619 0.092726 0.008174
38 49 29 8.049995 19.15001 -10.75 -0.022189 0.000495 0.114817 0.000202
36 50 29 12.65 16.85001 -10.75 -0.008653 0.018679 0.064045 0.010747
37 50 29 10.35 16.85001 -10.75 -0.02373 0.017826 0.083677 0.012366
38 50 29 8.049995 16.85001 -10.75 -0.036949 0.010866 0.105008 0.009234
39 50 29 5.75 16.85001 -10.75 -0.065631 0.004776 0.111135 0.003113
52 55 29 -24.15 5.350006 -10.75 -0.063609 0.003992 0.086829 0
53 55 29 -26.45 5.350006 -10.75 -0.076361 0.002661 0.100687 0
51 56 29 -21.85 3.050003 -10.75 -0.009368 0.01334 0.007948 0.006487
52 56 29 -24.15 3.050003 -10.75 -0.007511 0 0.016195 0.002342
53 56 29 -26.45 3.050003 -10.75 0.008708 0 0.038245 0.004839
54 56 29 -28.75 3.050003 -10.75 0.01399 0 0.071884 0
30 57 29 26.45 0.750015 -10.75 -0.118263 0.014193 0.154543 0.012501
31 57 29 24.15 0.750015 -10.75 -0.088233 0.017656 0.118893 0.016511
32 57 29 21.85 0.750015 -10.75 -0.04867 0.014449 0.089845 0.016868
33 57 29 19.55 0.750015 -10.75 0.008034 0.008853 0.110945 0.011981
34 57 29 17.25 0.750015 -10.75 0.041737 0.010542 0.073854 0.014959
35 57 29 14.95 0.750015 -10.75 0.045231 0.004811 0.059372 0.011258
36 57 29 12.65 0.750015 -10.75 0.029576 0.002832 0.044372 0.010593
37 57 29 10.35 0.750015 -10.75 -0.016508 0 0.050459 0.008896
50 57 29 -19.55 0.750015 -10.75 -0.016975 0.029017 0.067646 0.022304
51 57 29 -21.85 0.750015 -10.75 -0.001252 0.027754 0.031466 0.019181
52 57 29 -24.15 0.750015 -10.75 0.036592 0.007472 0.026534 0.015836
53 57 29 -26.45 0.750015 -10.75 0.023001 0.010286 0.067985 0.004935
54 57 29 -28.75 0.750015 -10.75 0.018337 0 0.086327 0.001619
29 58 29 28.75 -1.549988 -10.75 -0.084051 0.016189 0.165249 0.005764
30 58 29 26.45 -1.549988 -10.75 -0.107698 0.016905 0.15692 0.011672
31 58 29 24.15 -1.549988 -10.75 -0.100159 0.01653 0.14832 0.012684
32 58 29 21.85 -1.549988 -10.75 -0.06786 0.01467 0.121352 0.011113
33 58 29 19.55 -1.549988 -10.75 -0.009987 0.016939 0.097834 0.012222
34 58 29 17.25 -1.549988 -10.75 0.028531 0.024598 0.099858 0.01548
35 58 29 14.95 -1.549988 -10.75 0.031337 0.02018 0.113879 0.007701
36 58 29 12.65 -1.549988 -10.75 -0.006094 0.002712 0.118607 0.00506
37 58 29 10.35 -1.549988 -10.75 0.00011 0.005118 0.115727 0.003614
38 58 29 8.049995 -1.549988 -10.75 0.012449 0.014841 0.112032 0.007595
39 58 29 5.75 -1.549988 -10.75 0.033813 0.009143 0.067618 0.007055
40 58 29 3.449997 -1.549988 -10.75 0.02406 0.012163 0.039644 0.014863
44 58 29 -5.75 -1.549988 -10.75 0.049743 0.047303 0.080688 0.003643
45 58 29 -8.050003 -1.549988 -10.75 0.024294 0.002132 0.131555 0
46 58 29 -10.35 -1.549988 -10.75 -0.026178 0.014824 0.143592 0.004212
47 58 29 -12.65 -1.549988 -10.75 -0.045079 0.017366 0.137913 0.012521
50 58 29 -19.55 -1.549988 -10.75 -0.046868 0.025059 0.13737 0.019759
51 58 29 -21.85 -1.549988 -10.75 -0.027705 0.025025 0.113621 0.013706
52 58 29 -24.15 -1.549988 -10.75 -0.004072 0.032104 0.095321 0.013456
53 58 29 -26.45 -1.549988 -10.75 -0.011954 0.024854 0.101679 0.010178
56 58 29 -33.35001 -1.549988 -10.75 -0.006603 0.01218 0.072577 0.007962
57 58 29 -35.64999 -1.549988 -10.75 0.001458 0.018611 0.050391 0.005745
29 59 29 28.75 -3.849991 -10.75 -0.073321 0.012692 0.122126 0.004559
30 59 29 26.45 -3.849991 -10.75 -0.093433 0.017059 0.146581 0.010468
31 59 29 24.15 -3.849991 -10.75 -0.096487 0.016325 0.172069 0.010284
32 59 29 21.85 -3.849991 -10.75 -0.068754 0.020504 0.155209 0.01013
33 59 29 19.55 -3.849991 -10.75 -0.020662 0.029307 0.139843 0.009378
34 59 29 17.25 -3.849991 -10.75 0.005062 0.030177 0.153171 0.007055
35 59 29 14.95 -3.849991 -10.75 -0.004209 0.025997 0.190709 0.004299
36 59 29 12.65 -3.849991 -10.75 -0.013894 0.01786 0.184976 0.00188
37 59 29 10.35 -3.849991 -10.75 -0.015476 0.008802 0.159869 0.002294
38 59 29 8.049995 -3.849991 -10.75 -0.015242 0.009399 0.137098 0.000781
39 59 29 5.75 -3.849991 -10.75 0.012436 0.007983 0.096448 0
40 59 29 3.449997 -3.849991 -10.75 0.012711 0.006448 0.032797 0
41 59 29 1.150002 -3.849991 -10.75 0.010193 0.013783 0.005176 0.005783
42 59 29 -1.150002 -3.849991 -10.75 0.031089 0.023831 0.024781 0.009311
43 59 29 -3.450005 -3.849991 -10.75 0.032341 0.044949 0.066667 0.011807
44 59 29 -5.75 -3.849991 -10.75 0.017154 0.024121 0.13718 0.003769
45 59 29 -8.050003 -3.849991 -10.75 0.006479 0 0.166077 0.002583
46 59 29 -10.35 -3.849991 -10.75 -0.059647 0.005066 0.186253 0.005475
47 59 29 -12.65 -3.849991 -10.75 -0.090723 0.011378 0.190791 0.011875
48 59 29 -14.95 -3.849991 -10.75 -0.104451 0.019771 0.201306 0.014198
49 59 29 -17.25 -3.849991 -10.75 -0.114191 0.02018 0.230327 0.008193
29 60 29 28.75 -6.149994 -10.75 -0.067447 0.013817 0.120278 0.004655
30 60 29 26.45 -6.149994 -10.75 -0.095757 0.013886 0.152736 0.006429
31 60 29 24.15 -6.149994 -10.75 -0.108042 0.010679 0.171267 0.006217
32 60 29 21.85 -6.149994 -10.75 -0.099664 0.009502 0.162993 0.006631
33 60 29 19.55 -6.149994 -10.75 -0.071932 0.012879 0.171281 0.00694
34 60 29 17.25 -6.149994 -10.75 -0.028544 0.009399 0.177436 0.00746
35 60 29 14.95 -6.149994 -10.75 -0.036179 0.00783 0.188318 0.007566
36 60 29 12.65 -6.149994 -10.75 -0.037335 0.010474 0.204635 0.003383
37 60 29 10.35 -6.149994 -10.75 -0.057075 0.009519 0.187394 0.000646
38 60 29 8.049995 -6.149994 -10.75 -0.047941 0.007386 0.149638 0.003653
39 60 29 5.75 -6.149994 -10.75 -0.019727 0.010474 0.141486 0.004308
40 60 29 3.449997 -6.149994 -10.75 -0.004581 0.003565 0.093948 0.002959
41 60 29 1.150002 -6.149994 -10.75 0.006919 0.002798 0.055649 0
42 60 29 -1.150002 -6.149994 -10.75 0.008254 0 0.026099 0.006188
43 60 29 -3.450005 -6.149994 -10.75 -0.000894 0 0.051261 0.011605
44 60 29 -5.75 -6.149994 -10.75 0.033964 6.823436e-05 0.106692 0.006487
45 60 29 -8.050003 -6.149994 -10.75 -0.01996 0 0.174881 0.006959
46 60 29 -10.35 -6.149994 -10.75 -0.063774 0.011515 0.200152 0.018121
47 60 29 -12.65 -6.149994 -10.75 -0.104314 0.009979 0.206578 0.023277
48 60 29 -14.95 -6.149994 -10.75 -0.121812 0.009314 0.207298 0.017292
49 60 29 -17.25 -6.149994 -10.75 -0.13345 0.004793 0.221346 0.005668
29 61 29 28.75 -8.449997 -10.75 -0.07859 0.017792 0.102616 0.00453
30 61 29 26.45 -8.449997 -10.75 -0.108606 0.012333 0.150399 0.000588
31 61 29 24.15 -8.449997 -10.75 -0.13312 0.00713 0.173781 0.0016
32 61 29 21.85 -8.449997 -10.75 -0.124797 0.006141 0.159121 0.004077
33 61 29 19.55 -8.449997 -10.75 -0.099279 0.002252 0.160521 0.006159
34 61 29 17.25 -8.449997 -10.75 -0.038284 0.013016 0.183889 0.008675
35 61 29 14.95 -8.449997 -10.75 -0.034432 0.023387 0.183739 0.011759
36 61 29 12.65 -8.449997 -10.75 -0.046441 0.016462 0.188141 0.008819
37 61 29 10.35 -8.449997 -10.75 -0.100407 0.004998 0.197774 0.000925
38 61 29 8.049995 -8.449997 -10.75 -0.070322 0.007574 0.144163 0.005205
39 61 29 5.75 -8.449997 -10.75 -0.030305 0.00754 0.120455 0.010371
40 61 29 3.449997 -8.449997 -10.75 -0.00443 0.004009 0.104722 0.003354
41 61 29 1.150002 -8.449997 -10.75 0.028874 0.011975 0.034414 0.001841
42 61 29 -1.150002 -8.449997 -10.75 0.018296 0 0.063543 0
43 61 29 -3.450005 -8.449997 -10.75 0.04153 0 0.039155 0.011412
44 61 29 -5.75 -8.449997 -10.75 0.018048 0 0.092155 0.008549
45 61 29 -8.050003 -8.449997 -10.75 -0.012931 0.020402 0.153442 0.016501
46 61 29 -10.35 -8.449997 -10.75 -0.03102 0.036284 0.200695 0.025321
47 61 29 -12.65 -8.449997 -10.75 -0.060349 0.016018 0.197244 0.025918
48 61 29 -14.95 -8.449997 -10.75 -0.070845 0.010116 0.217542 0.013619
49 61 29 -17.25 -8.449997 -10.75 -0.115622 0.000478 0.228343 0.00428
30 62 29 26.45 -10.74998 -10.75 -0.107244 0.013817 0.162219 0.00133
31 62 29 24.15 -10.74998 -10.75 -0.128085 0.009314 0.17393 0.001292
32 62 29 21.85 -10.74998 -10.75 -0.138732 0.006619 0.170235 0.001195
33 62 29 19.55 -10.74998 -10.75 -0.094244 0.007369 0.172721 0.002217
34 62 29 17.25 -10.74998 -10.75 -0.053622 0.020453 0.182164 0.005937
35 62 29 14.95 -10.74998 -10.75 -0.042631 0.03236 0.169039 0.013918
36 62 29 12.65 -10.74998 -10.75 -0.043346 0.018014 0.169705 0.013918
37 62 29 10.35 -10.74998 -10.75 -0.076843 0.003224 0.166716 0.00319
38 62 29 8.049995 -10.74998 -10.75 -0.082524 0.001586 0.101679 0.006121
39 62 29 5.75 -10.74998 -10.75 -0.049358 0.006329 0.088242 0.008675
40 62 29 3.449997 -10.74998 -10.75 -0.020662 0 0.095198 0
44 62 29 -5.75 -10.74998 -10.75 -0.030071 0.006823 0.095647 0.002921
45 62 29 -8.050003 -10.74998 -10.75 -0.023881 0.023166 0.133172 0.013272
46 62 29 -10.35 -10.74998 -10.75 -0.015586 0.036403 0.171743 0.023759
47 62 29 -12.65 -10.74998 -10.75 -0.026219 0.013613 0.184745 0.020434
48 62 29 -14.95 -10.74998 -10.75 -0.022368 0.000989 0.208589 0.01121
49 62 29 -17.25 -10.74998 -10.75 -0.067254 0.00551 0.216632 0.004453
44 63 29 -5.75 -13.04999 -10.75 -0.052769 0.005732 0.067972 0.006506
45 63 29 -8.050003 -13.04999 -10.75 -0.032685 0.009638 0.106393 0.011104
46 63 29 -10.35 -13.04999 -10.75 -0.062715 0.010559 0.16048 0.014005
47 63 29 -12.65 -13.04999 -10.75 -0.060789 0.005919 0.165887 0.013841
48 63 29 -14.95 -13.04999 -10.75 -0.029727 0 0.185112 0.006419
49 63 29 -17.25 -13.04999 -10.75 -0.048023 0 0.19719 0.001629
45 64 29 -8.050003 -15.34999 -10.75 -0.055108 0.005083 0.087373 0.009253
46 64 29 -10.35 -15.34999 -10.75 -0.086706 0.005066 0.126121 0.012
47 64 29 -12.65 -15.34999 -10.75 -0.117424 0 0.136324 0.005918
48 64 29 -14.95 -15.34999 -10.75 -0.071381 0 0.144489 0
49 64 29 -17.25 -15.34999 -10.75 -0.038518 0.007847 0.137913 0.004906
48 65 29 -14.95 -17.64999 -10.75 -0.029246 0 0.118308 0
49 65 29 -17.25 -17.64999 -10.75 -0.031873 0.008598 0.108948 0.009417
27 66 29 33.35 -19.95 -10.75 0.08533 0.007966 0.006386 0.005937
28 66 29 31.05 -19.95 -10.75 0.102773 0.009604 -0.00826 0.014082
29 66 29 28.75 -19.95 -10.75 0.071244 0.012999 0.00822 0.023287
26 67 29 35.65 -22.24998 -10.75 0.026949 0.003958 0.057184 0.009378
27 67 29 33.35 -22.24998 -10.75 0.05519 0.008939 0.028477 0.010911
28 67 29 31.05 -22.24998 -10.75 0.08229 0.012095 0.016996 0.021109
29 67 29 28.75 -22.24998 -10.75 0.079993 0.018782 0.008423 0.024579
30 67 29 26.45 -22.24998 -10.75 0.067929 0.018799 0.040256 0.007807
26 68 29 35.65 -24.54999 -10.75 0.016356 0 0.058665 0.010766
27 68 29 33.35 -24.54999 -10.75 0.037403 0.000972 0.046193 0.016318
28 68 29 31.05 -24.54999 -10.75 0.062797 0.016666 0.026398 0.01761
29 68 29 28.75 -24.54999 -10.75 0.04955 0.033196 0.03368 0.015297
30 68 29 26.45 -24.54999 -10.75 0.024376 0.036727 0.068542 0.021774
25 69 29 37.95 -26.84999 -10.75 0.005269 0.000512 0.061844 0.006843
26 69 29 35.65 -26.84999 -10.75 0.031749 0.0029 0.050975 0.011113
27 69 29 33.35 -26.84999 -10.75 0.036853 0.01247 0.049943 0.015268
28 69 29 31.05 -26.84999 -10.75 0.029934 0.031712 0.034006 0.012087
29 69 29 28.75 -26.84999 -10.75 0.03036 0.052813 0.050867 0.020395
30 69 29 26.45 -26.84999 -10.75 0.005007 0.082291 0.059603 0.031846
25 70 29 37.95 -29.14999 -10.75 -0.013908 0.00783 0.076069 0.013272
26 70 29 35.65 -29.14999 -10.75 -0.00758 0.013118 0.069833 0.012627
27 70 29 33.35 -29.14999 -10.75 0.004787 0.013937 0.057293 0.011268
28 70 29 31.05 -29.14999 -10.75 -0.00194 0.027123 0.058597 0.009224
29 70 29 28.75 -29.14999 -10.75 0.011954 0.054929 0.052117 0.017484
25 71 29 37.95 -31.45 -10.75 -0.014857 0.029887 0.09009 0.015653
26 71 29 35.65 -31.45 -10.75 -0.019314 0.027567 0.07933 0.015952
27 71 29 33.35 -31.45 -10.75 -0.028572 0.009979 0.071409 0.013475
28 71 29 31.05 -31.45 -10.75 -0.034363 0.008273 0.066124 0.012665
25 72 29 37.95 -33.74998 -10.75 -0.032465 0.030125 0.115048 0.009639
26 72 29 35.65 -33.74998 -10.75 -0.022753 0.017536 0.09259 0.014882
27 72 29 33.35 -33.74998 -10.75 -0.021405 0.005834 0.065988 0.023383
25 73 29 37.95 -36.04999 -10.75 -0.07405 0.012709 0.1748 0.001793
26 73 29 35.65 -36.04999 -10.75 -0.052356 0.011156 0.130359 0.013764
30 18 30 26.45 90.45001 -8.449997 -0.180221 0.005902 0.148646 0.014024
29 19 30 28.75 88.15001 -8.449997 -0.166327 0.016393 0.170819 0.01521
30 19 30 26.45 88.15001 -8.449997 -0.179451 0.015438 0.161091 0.01813
31 19 30 24.15 88.15001 -8.449997 -0.194528 0.010525 0.133878 0.023085
26 20 30 35.65 85.85001 -8.449997 -0.177965 0 0.173088 0.004877
27 20 30 33.35 85.85001 -8.449997 -0.147426 0.012385 0.146812 0.008993
28 20 30 31.05 85.85001 -8.449997 -0.149283 0.012436 0.127153 0.015171
26 21 30 35.65 83.55 -8.449997 -0.142157 0.014943 0.121284 0
27 21 30 33.35 83.55 -8.449997 -0.108317 0.019498 0.111284 0.005533
28 21 30 31.05 83.55 -8.449997 -0.134179 0.00684 0.097168 0.0168
26 22 30 35.65 81.25001 -8.449997 -0.171362 0 0.060757 0.010815
27 22 30 33.35 81.25001 -8.449997 -0.117327 0.008563 0.054616 0.018275
28 22 30 31.05 81.25001 -8.449997 -0.149531 0.001331 0.062456 0.022901
37 46 30 10.35 26.05001 -8.449997 0.004223 0.000768 0.025501 0.001359
38 46 30 8.049995 26.05001 -8.449997 -0.023317 0.005493 0.065907 0.002198
36 47 30 12.65 23.75001 -8.449997 -0.034391 0.01206 0.057076 0.008704
37 47 30 10.35 23.75001 -8.449997 -0.030828 0.016581 0.059915 0.007104
38 47 30 8.049995 23.75001 -8.449997 -0.037747 0.012077 0.092264 0.001455
39 47 30 5.75 23.75001 -8.449997 -0.057487 0.00725 0.108961 0
35 48 30 14.95 21.45001 -8.449997 -0.025724 0.013715 0.07524 0.014101
36 48 30 12.65 21.45001 -8.449997 -0.038628 0.019174 0.0788 0.0152
37 48 30 10.35 21.45001 -8.449997 -0.036688 0.025537 0.08043 0.011113
38 48 30 8.049995 21.45001 -8.449997 -0.034308 0.011668 0.106719 0.00079
35 49 30 14.95 19.15001 -8.449997 -0.01831 0.016717 0.075322 0.014506
36 49 30 12.65 19.15001 -8.449997 -0.023537 0.027379 0.087481 0.013706
37 49 30 10.35 19.15001 -8.449997 -0.022918 0.032633 0.08922 0.012328
38 50 30 8.049995 16.85001 -8.449997 -0.006135 0.018577 0.106706 0.011354
40 50 30 3.449997 16.85001 -8.449997 -0.023908 0.008035 0.070784 0.005301
52 56 30 -24.15 3.050003 -8.449997 0.032561 0.007659 0.018763 0.012617
53 56 30 -26.45 3.050003 -8.449997 0.072991 0.004521 0.041574 0.008347
34 57 30 17.25 0.750015 -8.449997 0.07848 0.001467 0.06842 0.009205
51 57 30 -21.85 0.750015 -8.449997 0.006355 0.016786 0.03834 0.024386
52 57 30 -24.15 0.750015 -8.449997 0.041998 0.009195 0.03508 0.019634
53 57 30 -26.45 0.750015 -8.449997 0.054103 0.011617 0.06141 0.01148
29 58 30 28.75 -1.549988 -8.449997 -0.099774 0.016274 0.180764 0.005841
30 58 30 26.45 -1.549988 -8.449997 -0.108056 0.01235 0.183821 0.008607
31 58 30 24.15 -1.549988 -8.449997 -0.10756 0.01032 0.176715 0.00773
32 58 30 21.85 -1.549988 -8.449997 -0.078796 0.007113 0.169814 0.000607
33 58 30 19.55 -1.549988 -8.449997 -0.019534 0.006107 0.126392 0.001899
34 58 30 17.25 -1.549988 -8.449997 0.026935 0.014125 0.109002 0.004501
35 58 30 14.95 -1.549988 -8.449997 0.033386 0.012402 0.132655 0.001465
36 58 30 12.65 -1.549988 -8.449997 0.012628 0.015847 0.129965 0.001831
37 58 30 10.35 -1.549988 -8.449997 -0.005998 0.005288 0.126324 0.001128
38 58 30 8.049995 -1.549988 -8.449997 -0.007291 0 0.118336 4.819318e-05
39 58 30 5.75 -1.549988 -8.449997 0.045313 0.004691 0.081789 0.002554
40 58 30 3.449997 -1.549988 -8.449997 0.028379 0.011327 0.043299 0.017706
29 59 30 28.75 -3.849991 -8.449997 -0.085248 0.014705 0.156526 0.005128
30 59 30 26.45 -3.849991 -8.449997 -0.10375 0.013579 0.167694 0.008819
31 59 30 24.15 -3.849991 -8.449997 -0.105304 0.011327 0.190166 0.006246
32 59 30 21.85 -3.849991 -8.449997 -0.082166 0.010355 0.182272 0.004819
33 59 30 19.55 -3.849991 -8.449997 -0.042631 0.017042 0.16548 0.003827
34 59 30 17.25 -3.849991 -8.449997 -0.006878 0.024462 0.171254 0.002381
35 59 30 14.95 -3.849991 -8.449997 -0.00099 0.026697 0.181511 0.001561
36 59 30 12.65 -3.849991 -8.449997 -0.00879 0.023336 0.179229 0.00106
37 59 30 10.35 -3.849991 -8.449997 -0.017415 0.007676 0.159977 0.001455
38 59 30 8.049995 -3.849991 -8.449997 -0.034281 0.004213 0.135726 0.000771
39 59 30 5.75 -3.849991 -8.449997 0.018227 0 0.104383 0
40 59 30 3.449997 -3.849991 -8.449997 0.01355 0 0.07539 0.00641
41 59 30 1.150002 -3.849991 -8.449997 -0.026522 0.013067 0.06808 0.00719
43 59 30 -3.450005 -3.849991 -8.449997 -0.014912 0.043704 0.111067 0.009388
44 59 30 -5.75 -3.849991 -8.449997 -0.019273 0.024121 0.132941 0.003692
45 59 30 -8.050003 -3.849991 -8.449997 0.010565 0 0.154054 0.001137
46 59 30 -10.35 -3.849991 -8.449997 -0.029067 0.004742 0.153959 0.005369
47 59 30 -12.65 -3.849991 -8.449997 -0.030539 0.006926 0.144367 0.008386
48 59 30 -14.95 -3.849991 -8.449997 -0.041255 0.009553 0.169569 0.005802
29 60 30 28.75 -6.149994 -8.449997 -0.104149 0.011856 0.153239 0.004781
30 60 30 26.45 -6.149994 -8.449997 -0.11664 0.011617 0.177612 0.005802
31 60 30 24.15 -6.149994 -8.449997 -0.124536 0.008939 0.187449 0.005234
32 60 30 21.85 -6.149994 -8.449997 -0.119349 0.007966 0.193304 0.004954
33 60 30 19.55 -6.149994 -8.449997 -0.092717 0.01682 0.189283 0.005658
34 60 30 17.25 -6.149994 -8.449997 -0.053278 0.016018 0.201823 0.003287
35 60 30 14.95 -6.149994 -8.449997 -0.039907 0.016922 0.212189 0.003701
36 60 30 12.65 -6.149994 -8.449997 -0.043236 0.015847 0.224484 0.002545
37 60 30 10.35 -6.149994 -8.449997 -0.053237 0.012879 0.208412 0.001648
38 60 30 8.049995 -6.149994 -8.449997 -0.065397 0.009553 0.148714 0.007962
39 60 30 5.75 -6.149994 -8.449997 -0.043676 0.008342 0.126678 0.007325
40 60 30 3.449997 -6.149994 -8.449997 -0.032176 0.011003 0.120197 0.00214
41 60 30 1.150002 -6.149994 -8.449997 -0.031626 0.007455 0.076585 4.819318e-05
42 60 30 -1.150002 -6.149994 -8.449997 -0.034404 0.007864 0.076055 0.01014
43 60 30 -3.450005 -6.149994 -8.449997 -0.037348 0.01479 0.080362 0.01519
44 60 30 -5.75 -6.149994 -8.449997 -0.049468 0.005698 0.146201 0.003489
45 60 30 -8.050003 -6.149994 -8.449997 -0.065535 0.006261 0.196755 0.003499
46 60 30 -10.35 -6.149994 -8.449997 -0.091383 0.011259 0.190886 0.013639
47 60 30 -12.65 -6.149994 -8.449997 -0.079443 0.011515 0.177259 0.017282
48 60 30 -14.95 -6.149994 -8.449997 -0.072386 0.006687 0.197163 0.010034
49 60 30 -17.25 -6.149994 -8.449997 -0.09617 0.000955 0.210504 0.002959
29 61 30 28.75 -8.449997 -8.449997 -0.123875 0.013545 0.15025 0.004588
30 61 30 26.45 -8.449997 -8.449997 -0.13726 0.011156 0.188128 0.001137
31 61 30 24.15 -8.449997 -8.449997 -0.155336 0.005118 0.191402 0.002737
32 61 30 21.85 -8.449997 -8.449997 -0.154703 0.004162 0.188957 0.003961
33 61 30 19.55 -8.449997 -8.449997 -0.152502 0.006243 0.203942 0.002651
34 61 30 17.25 -8.449997 -8.449997 -0.094877 0.012913 0.225109 0.003605
35 61 30 14.95 -8.449997 -8.449997 -0.062206 0.021852 0.216795 0.006227
36 61 30 12.65 -8.449997 -8.449997 -0.066181 0.021409 0.220735 0.00694
37 61 30 10.35 -8.449997 -8.449997 -0.098839 0.014312 0.22727 0.004096
38 61 30 8.049995 -8.449997 -8.449997 -0.077269 0.014397 0.150521 0.011489
39 61 30 5.75 -8.449997 -8.449997 -0.071299 0.008461 0.128715 0.009513
40 61 30 3.449997 -8.449997 -8.449997 -0.051132 0.003923 0.164175 0
41 61 30 1.150002 -8.449997 -8.449997 -0.026522 0.011122 0.096 0
43 61 30 -3.450005 -8.449997 -8.449997 -0.031089 0 0.085688 0.006766
44 61 30 -5.75 -8.449997 -8.449997 -0.058244 0.00145 0.138538 0.004096
45 61 30 -8.050003 -8.449997 -8.449997 -0.066911 0.010747 0.202298 0.006872
46 61 30 -10.35 -8.449997 -8.449997 -0.064531 0.019617 0.220599 0.016183
47 61 30 -12.65 -8.449997 -8.449997 -0.033153 0.027123 0.209404 0.017504
48 61 30 -14.95 -8.449997 -8.449997 -0.032767 0.028334 0.22083 0.011827
49 61 30 -17.25 -8.449997 -8.449997 -0.066388 0.016427 0.227446 0.005215
50 61 30 -19.55 -8.449997 -8.449997 -0.155226 0.002644 0.217501 0.006015
30 62 30 26.45 -10.74998 -8.449997 -0.148155 0.013323 0.169175 0.004125
31 62 30 24.15 -10.74998 -8.449997 -0.136779 0.011156 0.192761 0.003142
32 62 30 21.85 -10.74998 -8.449997 -0.144634 0.009979 0.221142 0
33 62 30 19.55 -10.74998 -8.449997 -0.160178 0.007728 0.222976 0.001561
34 62 30 17.25 -10.74998 -8.449997 -0.105745 0.016717 0.225884 0.005369
35 62 30 14.95 -10.74998 -8.449997 -0.07394 0.024411 0.20219 0.011422
36 62 30 12.65 -10.74998 -8.449997 -0.079209 0.023404 0.19901 0.012231
37 62 30 10.35 -10.74998 -8.449997 -0.120904 0.014022 0.211917 0.005137
38 62 30 8.049995 -10.74998 -8.449997 -0.135265 0.006585 0.150929 0.008974
39 62 30 5.75 -10.74998 -8.449997 -0.112334 0.002405 0.128254 0.005774
44 62 30 -5.75 -10.74998 -8.449997 -0.067117 0.009024 0.158456 0
45 62 30 -8.050003 -10.74998 -8.449997 -0.060115 0.019344 0.207339 0.004183
46 62 30 -10.35 -10.74998 -8.449997 -0.042466 0.026185 0.238872 0.009889
47 62 30 -12.65 -10.74998 -8.449997 -0.02179 0.033588 0.220463 0.013388
48 62 30 -14.95 -10.74998 -8.449997 -0.017154 0.039798 0.206496 0.013562
49 62 30 -17.25 -10.74998 -8.449997 -0.043098 0.02801 0.216496 0.008058
50 62 30 -19.55 -10.74998 -8.449997 -0.092415 0.017775 0.226373 0.007807
36 63 30 12.65 -13.04999 -8.449997 -0.072523 0.019123 0.187109 0.013205
37 63 30 10.35 -13.04999 -8.449997 -0.097394 0.011395 0.2056 0.003624
38 63 30 8.049995 -13.04999 -8.449997 -0.117465 0.00551 0.141011 0.009552
44 63 30 -5.75 -13.04999 -8.449997 -0.065494 0.011685 0.142995 0
45 63 30 -8.050003 -13.04999 -8.449997 -0.057873 0.019873 0.189106 0.001349
46 63 30 -10.35 -13.04999 -8.449997 -0.054296 0.020368 0.217868 0.007547
47 63 30 -12.65 -13.04999 -8.449997 -0.037789 0.014278 0.202339 0.010747
48 63 30 -14.95 -13.04999 -8.449997 -0.019273 0.006363 0.200899 0.007374
49 63 30 -17.25 -13.04999 -8.449997 -0.030057 0.002593 0.216251 0.004819
50 63 30 -19.55 -13.04999 -8.449997 -0.067296 0.019703 0.209676 0.007981
44 64 30 -5.75 -15.34999 -8.449997 -0.064943 0.011173 0.099886 0.002063
45 64 30 -8.050003 -15.34999 -8.449997 -0.081258 0.011924 0.140862 0.003518
46 64 30 -10.35 -15.34999 -8.449997 -0.095661 0.010781 0.18844 0.005822
47 64 30 -12.65 -15.34999 -8.449997 -0.112279 0.000904 0.188182 0.004964
48 64 30 -14.95 -15.34999 -8.449997 -0.063499 0 0.175819 0.001012
49 64 30 -17.25 -15.34999 -8.449997 -0.053471 0.009621 0.174066 0.004366
50 64 30 -19.55 -15.34999 -8.449997 -0.075783 0.018935 0.168998 0.01228
45 65 30 -8.050003 -17.64999 -8.449997 -0.099554 0.008069 0.120618 0.00586
46 65 30 -10.35 -17.64999 -8.449997 -0.114136 0.007898 0.169175 0.00479
47 65 30 -12.65 -17.64999 -8.449997 -0.119955 0.002746 0.189609 0
48 65 30 -14.95 -17.64999 -8.449997 -0.088893 0.000444 0.15101 0
49 65 30 -17.25 -17.64999 -8.449997 -0.082744 0.006704 0.1576 0.004135
50 65 30 -19.55 -17.64999 -8.449997 -0.099155 0.010969 0.170887 0.006525
26 66 30 35.65 -19.95 -8.449997 0.051902 0.014943 0.07611 0.009022
27 66 30 33.35 -19.95 -8.449997 0.090489 0.016291 0.035528 0.008733
28 66 30 31.05 -19.95 -8.449997 0.102636 0.014005 -0.012662 0.016906
29 66 30 28.75 -19.95 -8.449997 0.081478 0.014312 -0.021534 0.021099
49 66 30 -17.25 -19.95 -8.449997 -0.139984 0 0.133104 0.002737
25 67 30 37.95 -22.24998 -8.449997 0.008226 0.015779 0.084343 0.009407
26 67 30 35.65 -22.24998 -8.449997 0.020456 0.008359 0.098568 0.011634
27 67 30 33.35 -22.24998 -8.449997 0.040347 0.014397 0.063081 0.016617
28 67 30 31.05 -22.24998 -8.449997 0.07189 0.014841 0.019904 0.029003
29 67 30 28.75 -22.24998 -8.449997 0.081547 0.017519 -0.002242 0.02746
30 67 30 26.45 -22.24998 -8.449997 0.061903 0.016206 -0.028504 0.010419
25 68 30 37.95 -24.54999 -8.449997 -0.009712 0.013971 0.08903 0.01093
26 68 30 35.65 -24.54999 -8.449997 -0.01626 0.010491 0.096177 0.016521
27 68 30 33.35 -24.54999 -8.449997 0.003742 0.010952 0.084316 0.01893
28 68 30 31.05 -24.54999 -8.449997 0.046221 0.016035 0.048041 0.020154
29 68 30 28.75 -24.54999 -8.449997 0.049908 0.019379 0.024496 0.030092
30 68 30 26.45 -24.54999 -8.449997 0.019947 0.025912 0.040949 0.030179
31 68 30 24.15 -24.54999 -8.449997 -0.026605 0.029563 0.066504 0.019316
25 69 30 37.95 -26.84999 -8.449997 -0.005585 0.005271 0.086028 0.008665
26 69 30 35.65 -26.84999 -8.449997 -0.003604 0.007813 0.084234 0.013889
27 69 30 33.35 -26.84999 -8.449997 0.000344 0.016035 0.077251 0.016916
28 69 30 31.05 -26.84999 -8.449997 0.008102 0.026014 0.043014 0.023277
29 69 30 28.75 -26.84999 -8.449997 0.025325 0.032957 0.035052 0.029465
30 69 30 26.45 -26.84999 -8.449997 0.010991 0.061854 0.040134 0.04882
31 69 30 24.15 -26.84999 -8.449997 -0.043277 0.074444 0.0813 0.034053
26 70 30 35.65 -29.14999 -8.449997 -0.022051 0.011207 0.106937 0.009986
27 70 30 33.35 -29.14999 -8.449997 -0.016796 0.015438 0.083324 0.01094
28 70 30 31.05 -29.14999 -8.449997 -0.010056 0.030262 0.054657 0.013725
29 70 30 28.75 -29.14999 -8.449997 0.018447 0.039422 0.038123 0.023326
26 71 30 35.65 -31.45 -8.449997 -0.033744 0.009809 0.113349 0.009562
27 71 30 33.35 -31.45 -8.449997 -0.044309 0.009945 0.104532 0.008858
25 72 30 37.95 -33.74998 -8.449997 -0.026921 0.011719 0.105048 0.010448
27 20 31 33.35 85.85001 -6.150002 -0.162888 0.009382 0.113064 0.01574
28 20 31 31.05 85.85001 -6.150002 -0.138017 0.016274 0.122969 0.017851
26 21 31 35.65 83.55 -6.150002 -0.156767 0.00713 0.07774 0.016954
27 21 31 33.35 83.55 -6.150002 -0.139736 0.010645 0.080403 0.018053
28 21 31 31.05 83.55 -6.150002 -0.126076 0.010662 0.098744 0.015075
27 22 31 33.35 81.25001 -6.150002 -0.145762 0.006687 0.059997 0.01868
28 22 31 31.05 81.25001 -6.150002 -0.145294 0.00522 0.069167 0.020299
37 46 31 10.35 26.05001 -6.150002 0.010042 0.005578 0.03762 0.001282
38 46 31 8.049995 26.05001 -6.150002 0.005489 0.007881 0.065417 0.000145
36 47 31 12.65 23.75001 -6.150002 -0.010936 0.023063 0.10225 0.002082
37 47 31 10.35 23.75001 -6.150002 -0.020332 0.016615 0.102263 0
38 47 31 8.049995 23.75001 -6.150002 -0.025655 0.005953 0.09475 0
39 47 31 5.75 23.75001 -6.150002 -0.039907 0.005203 0.123607 0
40 47 31 3.449997 23.75001 -6.150002 -0.051297 0.001518 0.106978 0
35 48 31 14.95 21.45001 -6.150002 -0.01388 0.013067 0.09956 0.007624
36 48 31 12.65 21.45001 -6.150002 -0.022602 0.019549 0.100809 0.006602
37 48 31 10.35 21.45001 -6.150002 -0.017526 0.019515 0.104369 0.002487
38 48 31 8.049995 21.45001 -6.150002 -0.010496 0.008069 0.101774 0
39 48 31 5.75 21.45001 -6.150002 -0.024514 0.007949 0.109967 0
40 48 31 3.449997 21.45001 -6.150002 -0.044928 0.004145 0.109056 0
35 49 31 14.95 19.15001 -6.150002 -0.029879 0.012112 0.096462 0.017456
36 49 31 12.65 19.15001 -6.150002 -0.015765 0.026646 0.092712 0.016116
37 49 31 10.35 19.15001 -6.150002 -0.006287 0.030705 0.096829 0.013436
38 49 31 8.049995 19.15001 -6.150002 -0.00443 0.017741 0.100538 0.007248
39 49 31 5.75 19.15001 -6.150002 -0.010936 0.007438 0.099926 0
40 49 31 3.449997 19.15001 -6.150002 -0.021143 0.004879 0.084085 0.005002
40 50 31 3.449997 16.85001 -6.150002 0.020346 0.020129 0.057483 0.010053
30 58 31 26.45 -1.549988 -6.150002 -0.104011 0.006994 0.167871 0.004646
31 58 31 24.15 -1.549988 -6.150002 -0.095304 0.002286 0.162491 0.002834
32 58 31 21.85 -1.549988 -6.150002 -0.103571 0 0.147098 0.001166
33 58 31 19.55 -1.549988 -6.150002 -0.031873 0.004196 0.105021 0.003133
34 58 31 17.25 -1.549988 -6.150002 0.028035 0.01409 0.077564 0.004058
35 58 31 14.95 -1.549988 -6.150002 0.033895 0.009348 0.116488 0
36 58 31 12.65 -1.549988 -6.150002 0.007992 0.007745 0.130441 0.000135
37 58 31 10.35 -1.549988 -6.150002 -0.016741 0 0.116705 0.001455
38 58 31 8.049995 -1.549988 -6.150002 -0.018764 0 0.103513 0.000867
39 58 31 5.75 -1.549988 -6.150002 0.023702 0 0.079846 0.005513
40 58 31 3.449997 -1.549988 -6.150002 0.013729 0 0.046601 0.012357
29 59 31 28.75 -3.849991 -6.150002 -0.084546 0.014346 0.151404 0.006602
30 59 31 26.45 -3.849991 -6.150002 -0.11514 0.006329 0.170901 0.00587
31 59 31 24.15 -3.849991 -6.150002 -0.121963 0 0.174542 0.004916
32 59 31 21.85 -3.849991 -6.150002 -0.125471 0.001604 0.160575 0.005263
33 59 31 19.55 -3.849991 -6.150002 -0.07566 0.013289 0.151486 0.003643
34 59 31 17.25 -3.849991 -6.150002 -0.025931 0.015404 0.145522 0.002439
35 59 31 14.95 -3.849991 -6.150002 -0.001486 0.013203 0.157219 0
36 59 31 12.65 -3.849991 -6.150002 -0.006631 0.010133 0.152328 0
37 59 31 10.35 -3.849991 -6.150002 -0.041792 0.006431 0.156757 0.001272
38 59 31 8.049995 -3.849991 -6.150002 -0.083253 0 0.147261 0.000154
39 59 31 5.75 -3.849991 -6.150002 -0.034528 0 0.106815 0.003643
40 59 31 3.449997 -3.849991 -6.150002 -0.02787 0 0.077346 0.007229
46 59 31 -10.35 -3.849991 -6.150002 -0.033607 0 0.125237 0.002496
47 59 31 -12.65 -3.849991 -6.150002 0.021584 0 0.094016 0.006496
48 59 31 -14.95 -3.849991 -6.150002 0.007373 0.007506 0.127126 0.00133
49 59 31 -17.25 -3.849991 -6.150002 -0.017347 0.006858 0.144557 0
29 60 31 28.75 -6.149994 -6.150002 -0.123476 0.012214 0.165982 0.004492
30 60 31 26.45 -6.149994 -6.150002 -0.141415 0.005851 0.180954 0.003884
31 60 31 24.15 -6.149994 -6.150002 -0.162145 0.001894 0.16798 0.010458
32 60 31 21.85 -6.149994 -6.150002 -0.159573 0 0.166852 0.010352
33 60 31 19.55 -6.149994 -6.150002 -0.112444 0.006363 0.193413 0.002728
34 60 31 17.25 -6.149994 -6.150002 -0.081932 0.012777 0.197842 0.001311
35 60 31 14.95 -6.149994 -6.150002 -0.03479 0.014261 0.185017 0.002757
36 60 31 12.65 -6.149994 -6.150002 -0.031736 0.010116 0.191348 0.002207
37 60 31 10.35 -6.149994 -6.150002 -0.072647 0.005749 0.207841 0
38 60 31 8.049995 -6.149994 -6.150002 -0.107285 0.003599 0.196945 0.000414
39 60 31 5.75 -6.149994 -6.150002 -0.098949 0 0.14563 0.00319
40 60 31 3.449997 -6.149994 -6.150002 -0.041764 0 0.102358 0.005774
41 60 31 1.150002 -6.149994 -6.150002 -0.060968 0.00087 0.084601 0.011431
45 60 31 -8.050003 -6.149994 -6.150002 -0.098729 0.004828 0.192937 0.002651
46 60 31 -10.35 -6.149994 -6.150002 -0.154167 0 0.163007 0.007055
47 60 31 -12.65 -6.149994 -6.150002 -0.070253 0.007625 0.128485 0.011181
48 60 31 -14.95 -6.149994 -6.150002 -0.030374 0.007591 0.143117 0.00586
49 60 31 -17.25 -6.149994 -6.150002 -0.039673 0.011395 0.171743 0.002333
50 60 31 -19.55 -6.149994 -6.150002 -0.101631 0.0029 0.170955 0.001561
30 61 31 26.45 -8.449997 -6.150002 -0.165103 0.009212 0.211034 0.001504
31 61 31 24.15 -8.449997 -6.150002 -0.17901 0.006448 0.206985 0.006477
32 61 31 21.85 -8.449997 -6.150002 -0.161788 0.007591 0.192706 0.011643
33 61 31 19.55 -8.449997 -6.150002 -0.125512 0.010866 0.211129 0.004781
34 61 31 17.25 -8.449997 -6.150002 -0.121881 0.012146 0.215925 0.005012
35 61 31 14.95 -8.449997 -6.150002 -0.076196 0.017809 0.20867 0.006448
36 61 31 12.65 -8.449997 -6.150002 -0.064159 0.018304 0.213765 0.005176
37 61 31 10.35 -8.449997 -6.150002 -0.1032 0.012504 0.219213 0.00348
38 61 31 8.049995 -8.449997 -6.150002 -0.112017 0.009263 0.17336 0.008742
39 61 31 5.75 -8.449997 -6.150002 -0.112526 0.002985 0.156689 0.005137
40 61 31 3.449997 -8.449997 -6.150002 -0.058946 0 0.160575 0.00052
45 61 31 -8.050003 -8.449997 -6.150002 -0.135431 0.006516 0.209784 0.002554
46 61 31 -10.35 -8.449997 -6.150002 -0.103007 0.008376 0.218805 0.005928
47 61 31 -12.65 -8.449997 -6.150002 -0.045272 0.018406 0.209553 0.007508
48 61 31 -14.95 -8.449997 -6.150002 -0.011404 0.053581 0.173169 0.017137
49 61 31 -17.25 -8.449997 -6.150002 -0.015393 0.053564 0.164719 0.013369
50 61 31 -19.55 -8.449997 -6.150002 -0.077585 0.010013 0.193698 0.00508
51 61 31 -21.85 -8.449997 -6.150002 -0.082496 0.011941 0.152152 0.014612
30 62 31 26.45 -10.74998 -6.150002 -0.159036 0.014841 0.170208 0.008896
31 62 31 24.15 -10.74998 -6.150002 -0.152901 0.00945 0.219689 0.005793
32 62 31 21.85 -10.74998 -6.150002 -0.138595 0.013118 0.252105 0.00188
33 62 31 19.55 -10.74998 -6.150002 -0.114315 0.019924 0.242174 0.00373
34 62 31 17.25 -10.74998 -6.150002 -0.12111 0.017093 0.229131 0.006892
35 62 31 14.95 -10.74998 -6.150002 -0.092085 0.023149 0.216632 0.008443
36 62 31 12.65 -10.74998 -6.150002 -0.098853 0.023524 0.221957 0.008424
37 62 31 10.35 -10.74998 -6.150002 -0.139654 0.013681 0.229674 0.005465
38 62 31 8.049995 -10.74998 -6.150002 -0.136889 0.009178 0.187381 0.008694
39 62 31 5.75 -10.74998 -6.150002 -0.086431 0.008171 0.17696 0.00453
44 62 31 -5.75 -10.74998 -6.150002 -0.105786 0.012402 0.180343 0
45 62 31 -8.050003 -10.74998 -6.150002 -0.110986 0.014329 0.224512 0.00108
46 62 31 -10.35 -10.74998 -6.150002 -0.063815 0.018679 0.251535 0.004723
47 62 31 -12.65 -10.74998 -6.150002 -0.038325 0.034441 0.241671 0.007952
48 62 31 -14.95 -10.74998 -6.150002 -0.018378 0.058989 0.176457 0.023894
49 62 31 -17.25 -10.74998 -6.150002 -0.022423 0.049043 0.173047 0.025783
50 62 31 -19.55 -10.74998 -6.150002 -0.054035 0.022637 0.186742 0.024164
51 62 31 -21.85 -10.74998 -6.150002 -0.084271 0.035601 0.157138 0.036068
35 63 31 14.95 -13.04999 -6.150002 -0.101948 0.026117 0.197693 0.012993
36 63 31 12.65 -13.04999 -6.150002 -0.094946 0.023933 0.211686 0.01253
37 63 31 10.35 -13.04999 -6.150002 -0.120711 0.018628 0.244388 0.004877
38 63 31 8.049995 -13.04999 -6.150002 -0.139131 0.005493 0.194282 0.006101
44 63 31 -5.75 -13.04999 -6.150002 -0.084464 0.019003 0.172001 0
45 63 31 -8.050003 -13.04999 -6.150002 -0.083996 0.023882 0.218629 0.001137
46 63 31 -10.35 -13.04999 -6.150002 -0.06127 0.022296 0.237025 0.007345
47 63 31 -12.65 -13.04999 -6.150002 -0.046262 0.020624 0.225014 0.009841
48 63 31 -14.95 -13.04999 -6.150002 -0.043016 0.019515 0.239905 0.003769
49 63 31 -17.25 -13.04999 -6.150002 -0.036165 0.014756 0.227487 0.006352
50 63 31 -19.55 -13.04999 -6.150002 -0.06647 0.023251 0.180452 0.021369
51 63 31 -21.85 -13.04999 -6.150002 -0.088645 0.038297 0.144068 0.034641
37 64 31 10.35 -15.34999 -6.150002 -0.097917 0.01786 0.202787 0.008511
44 64 31 -5.75 -15.34999 -6.150002 -0.065975 0.018935 0.120958 0.00534
45 64 31 -8.050003 -15.34999 -6.150002 -0.080584 0.023302 0.17264 0.009581
46 64 31 -10.35 -15.34999 -6.150002 -0.088274 0.020709 0.206945 0.008983
47 64 31 -12.65 -15.34999 -6.150002 -0.087875 0.011429 0.207597 0.006169
48 64 31 -14.95 -15.34999 -6.150002 -0.07643 0.008939 0.218126 0
49 64 31 -17.25 -15.34999 -6.150002 -0.080722 0.012009 0.218697 0.00054
50 64 31 -19.55 -15.34999 -6.150002 -0.102966 0.015574 0.183998 0.009215
51 64 31 -21.85 -15.34999 -6.150002 -0.124274 0.018986 0.148592 0.014757
44 65 31 -5.75 -17.64999 -6.150002 -0.033318 0.012572 0.096475 0.004222
45 65 31 -8.050003 -17.64999 -6.150002 -0.079401 0.017656 0.140766 0.009012
46 65 31 -10.35 -17.64999 -6.150002 -0.109404 0.018338 0.182041 0.010188
47 65 31 -12.65 -17.64999 -6.150002 -0.104947 0.013852 0.186185 0.005359
48 65 31 -14.95 -17.64999 -6.150002 -0.111481 8.529295e-05 0.192489 0
49 65 31 -17.25 -17.64999 -6.150002 -0.099747 0.007915 0.201062 0
50 65 31 -19.55 -17.64999 -6.150002 -0.108963 0.008939 0.207148 0.000501
26 66 31 35.65 -19.95 -6.150002 0.041503 0.0167 0.08971 0.008916
27 66 31 33.35 -19.95 -6.150002 0.047129 0.020112 0.056423 0.010284
28 66 31 31.05 -19.95 -6.150002 0.041434 0.022688 0.001943 0.018005
29 66 31 28.75 -19.95 -6.150002 0.032685 0.020726 -0.016045 0.024405
30 66 31 26.45 -19.95 -6.150002 0.023138 0.015319 -0.012146 0.030699
49 66 31 -17.25 -19.95 -6.150002 -0.149393 0 0.132588 0.007942
26 67 31 35.65 -22.24998 -6.150002 -0.017085 0.024053 0.135509 0.010313
27 67 31 33.35 -22.24998 -6.150002 -0.006837 0.024206 0.098527 0.014863
28 67 31 31.05 -22.24998 -6.150002 0.031983 0.016649 0.03387 0.034757
29 67 31 28.75 -22.24998 -6.150002 0.05552 0.016854 -0.002785 0.033157
30 67 31 26.45 -22.24998 -6.150002 0.037665 0.011293 -0.0308 0.019634
31 67 31 24.15 -22.24998 -6.150002 0.010634 0.003787 -0.0283 0.009041
25 68 31 37.95 -24.54999 -6.150002 -0.035643 0.021937 0.114939 0.01414
26 68 31 35.65 -24.54999 -6.150002 -0.061986 0.023063 0.133688 0.017398
27 68 31 33.35 -24.54999 -6.150002 -0.053498 0.026799 0.126813 0.019682
28 68 31 31.05 -24.54999 -6.150002 -0.003412 0.027533 0.079031 0.022824
29 68 31 28.75 -24.54999 -6.150002 0.043332 0.013272 0.032376 0.035499
30 68 31 26.45 -24.54999 -6.150002 0.043951 0.01612 0.007989 0.021321
31 68 31 24.15 -24.54999 -6.150002 0.003164 0.02511 0.010421 0.011075
26 69 31 35.65 -26.84999 -6.150002 -0.054434 0.019413 0.117466 0.015075
27 69 31 33.35 -26.84999 -6.150002 -0.06028 0.022261 0.123648 0.016925
28 69 31 31.05 -26.84999 -6.150002 -0.023454 0.041862 0.085185 0.023422
29 69 31 28.75 -26.84999 -6.150002 0.033166 0.011344 0.038449 0.032068
30 69 31 26.45 -26.84999 -6.150002 0.046799 0.021562 0.012391 0.024
31 69 31 24.15 -26.84999 -6.150002 -0.001692 0.038143 0.04622 0.03334
27 70 31 33.35 -29.14999 -6.150002 -0.054158 0.013579 0.12449 0.007749
28 70 31 31.05 -29.14999 -6.150002 -0.030732 0.021119 0.075335 0.016116
36 47 32 12.65 23.75001 -3.849998 -0.031626 0.009843 0.115863 0
37 47 32 10.35 23.75001 -3.849998 -0.029576 0.008495 0.090892 0.001561
38 47 32 8.049995 23.75001 -3.849998 0.004485 0.006363 0.071803 0.002641
39 47 32 5.75 23.75001 -3.849998 0.009657 0 0.088595 0.002853
36 48 32 12.65 21.45001 -3.849998 -0.03351 0.012402 0.120822 0
37 48 32 10.35 21.45001 -3.849998 -0.020291 0.01293 0.102304 0
38 48 32 8.049995 21.45001 -3.849998 -0.001321 0.003412 0.088106 0.000357
39 48 32 5.75 21.45001 -3.849998 -0.01604 0 0.086748 0.00028
40 48 32 3.449997 21.45001 -3.849998 -0.03545 0 0.077373 0
35 49 32 14.95 19.15001 -3.849998 -0.040031 0.011071 0.116732 0.011104
36 49 32 12.65 19.15001 -3.849998 -0.035835 0.018304 0.103432 0.007865
37 49 32 10.35 19.15001 -3.849998 -0.01476 0.021733 0.10979 0.004395
38 49 32 8.049995 19.15001 -3.849998 0.004003 0.015114 0.093378 0.007084
39 49 32 5.75 19.15001 -3.849998 0.012023 0.008188 0.073922 0.006169
40 49 32 3.449997 19.15001 -3.849998 0.008226 0.009485 0.053258 0
38 50 32 8.049995 16.85001 -3.849998 0.014733 0.024581 0.091381 0.018198
39 50 32 5.75 16.85001 -3.849998 0.034528 0.018082 0.059698 0.017504
40 50 32 3.449997 16.85001 -3.849998 0.036784 0.02088 0.032512 0.015933
30 59 32 26.45 -3.849991 -3.849998 -0.089608 0.006175 0.129789 0.013629
31 59 32 24.15 -3.849991 -3.849998 -0.073706 0.010747 0.120265 0.016174
32 59 32 21.85 -3.849991 -3.849998 -0.075467 0.009075 0.116923 0.009899
33 59 32 19.55 -3.849991 -3.849998 -0.062426 0.01032 0.134041 0.004106
34 59 32 17.25 -3.849991 -3.849998 -0.029425 0.006533 0.112874 0.0064
35 59 32 14.95 -3.849991 -3.849998 -0.017608 0.002337 0.122045 0.00214
36 59 32 12.65 -3.849991 -3.849998 -0.01985 0.003446 0.142125 0
37 59 32 10.35 -3.849991 -3.849998 -0.070804 0 0.135481 0
38 59 32 8.049995 -3.849991 -3.849998 -0.106254 0 0.141948 0.003229
39 59 32 5.75 -3.849991 -3.849998 -0.100779 0.000478 0.101285 0.010651
40 59 32 3.449997 -3.849991 -3.849998 -0.041365 0.001126 0.069914 0.012135
46 59 32 -10.35 -3.849991 -3.849998 -0.017993 0 0.145671 0
47 59 32 -12.65 -3.849991 -3.849998 0.067351 0 0.093011 0
48 59 32 -14.95 -3.849991 -3.849998 0.100861 0 0.067659 4.819318e-05
49 59 32 -17.25 -3.849991 -3.849998 0.054571 0.002183 0.064575 0
50 59 32 -19.55 -3.849991 -3.849998 -0.013357 0 0.067849 0
30 60 32 26.45 -6.149994 -3.849998 -0.147591 0.003872 0.150847 0.013292
31 60 32 24.15 -6.149994 -3.849998 -0.134137 0.011361 0.159638 0.020752
32 60 32 21.85 -6.149994 -3.849998 -0.136146 0.00986 0.153429 0.015894
33 60 32 19.55 -6.149994 -3.849998 -0.134261 0.002746 0.194935 0.002622
34 60 32 17.25 -6.149994 -3.849998 -0.121688 6.823436e-05 0.190152 0.000945
35 60 32 14.95 -6.149994 -3.849998 -0.04087 0.010235 0.162504 0.000867
36 60 32 12.65 -6.149994 -3.849998 -0.038903 0.006329 0.148578 0.000916
37 60 32 10.35 -6.149994 -3.849998 -0.098935 0 0.171539 0
38 60 32 8.049995 -6.149994 -3.849998 -0.113214 0 0.188617 0
39 60 32 5.75 -6.149994 -3.849998 -0.119858 0 0.143674 0.003239
40 60 32 3.449997 -6.149994 -3.849998 -0.058478 0.002371 0.100619 0.011721
45 60 32 -8.050003 -6.149994 -3.849998 -0.095647 0.013886 0.142995 0.007094
46 60 32 -10.35 -6.149994 -3.849998 -0.129515 0.000887 0.156594 0.002381
47 60 32 -12.65 -6.149994 -3.849998 -0.070611 0.001604 0.110551 0.003027
48 60 32 -14.95 -6.149994 -3.849998 0.010606 0 0.087128 0.003913
49 60 32 -17.25 -6.149994 -3.849998 0.002559 0 0.110727 0.002034
50 60 32 -19.55 -6.149994 -3.849998 -0.066388 0 0.128607 0
51 60 32 -21.85 -6.149994 -3.849998 -0.056855 0.007847 0.136976 0
30 61 32 26.45 -8.449997 -3.849998 -0.185421 0.006261 0.221672 0.000636
31 61 32 24.15 -8.449997 -3.849998 -0.17619 0.006499 0.204472 0.016665
32 61 32 21.85 -8.449997 -3.849998 -0.173646 0.004452 0.191239 0.017513
33 61 32 19.55 -8.449997 -3.849998 -0.15828 0.001706 0.200573 0.006149
34 61 32 17.25 -8.449997 -3.849998 -0.109142 0.012896 0.189242 0.00268
35 61 32 14.95 -8.449997 -3.849998 -0.056786 0.022159 0.172612 0.003846
36 61 32 12.65 -8.449997 -3.849998 -0.057089 0.0196 0.172775 0.005234
37 61 32 10.35 -8.449997 -3.849998 -0.114755 0.006124 0.195016 0.003161
38 61 32 8.049995 -8.449997 -3.849998 -0.121509 0.002525 0.192367 0.003046
39 61 32 5.75 -8.449997 -3.849998 -0.092621 0.001894 0.152899 0.005696
40 61 32 3.449997 -8.449997 -3.849998 -0.034226 0.006261 0.127955 0.003142
45 61 32 -8.050003 -8.449997 -3.849998 -0.136435 0.010457 0.167558 0.004607
46 61 32 -10.35 -8.449997 -3.849998 -0.123518 0.000546 0.189106 0.001494
48 61 32 -14.95 -8.449997 -3.849998 0.005613 0.026833 0.146282 0.005899
49 61 32 -17.25 -8.449997 -3.849998 0.00381 0.028812 0.133267 0.013292
50 61 32 -19.55 -8.449997 -3.849998 -0.03915 0.003599 0.141323 0.007827
51 61 32 -21.85 -8.449997 -3.849998 -0.064957 0.015779 0.140875 0.007913
31 62 32 24.15 -10.74998 -3.849998 -0.175915 0.003258 0.238247 0.002005
32 62 32 21.85 -10.74998 -3.849998 -0.168336 0.002559 0.227895 0.007836
33 62 32 19.55 -10.74998 -3.849998 -0.11979 0.014722 0.226699 0.003855
34 62 32 17.25 -10.74998 -3.849998 -0.10602 0.0203 0.212094 0.001851
35 62 32 14.95 -10.74998 -3.849998 -0.093818 0.023097 0.203127 0.004511
36 62 32 12.65 -10.74998 -3.849998 -0.105758 0.017741 0.207284 0.004202
37 62 32 10.35 -10.74998 -3.849998 -0.140121 0.007011 0.197054 0.007904
38 62 32 8.049995 -10.74998 -3.849998 -0.129598 0.006721 0.196008 0.006101
39 62 32 5.75 -10.74998 -3.849998 -0.076113 0.014039 0.183142 0.003547
45 62 32 -8.050003 -10.74998 -3.849998 -0.154923 0.006295 0.204662 0.002313
46 62 32 -10.35 -10.74998 -3.849998 -0.091232 0.009723 0.207026 0.004684
47 62 32 -12.65 -10.74998 -3.849998 -0.059248 0.020385 0.221251 0.003296
48 62 32 -14.95 -10.74998 -3.849998 -0.021446 0.045052 0.134693 0.0184
49 62 32 -17.25 -10.74998 -3.849998 -0.008763 0.045001 0.129273 0.026275
50 62 32 -19.55 -10.74998 -3.849998 -0.034597 0.028505 0.148538 0.030612
51 62 32 -21.85 -10.74998 -3.849998 -0.066704 0.025366 0.13703 0.029754
52 62 32 -24.15 -10.74998 -3.849998 -0.04552 0.027567 0.100701 0.023923
35 63 32 14.95 -13.04999 -3.849998 -0.105566 0.027072 0.18825 0.00799
36 63 32 12.65 -13.04999 -3.849998 -0.120711 0.023012 0.213901 0.008328
37 63 32 10.35 -13.04999 -3.849998 -0.139668 0.015267 0.234769 0.006574
38 63 32 8.049995 -13.04999 -3.849998 -0.133697 0.00609 0.208167 0.005831
44 63 32 -5.75 -13.04999 -3.849998 -0.141373 0.011139 0.166186 0.004964
45 63 32 -8.050003 -13.04999 -3.849998 -0.11144 0.016154 0.207352 0.002708
46 63 32 -10.35 -13.04999 -3.849998 -0.078562 0.017809 0.202624 0.008405
47 63 32 -12.65 -13.04999 -3.849998 -0.065631 0.022722 0.228261 0.006439
48 63 32 -14.95 -13.04999 -3.849998 -0.045918 0.032923 0.208888 0.006082
49 63 32 -17.25 -13.04999 -3.849998 -0.043401 0.026714 0.164814 0.020318
50 63 32 -19.55 -13.04999 -3.849998 -0.064668 0.020982 0.142424 0.028685
51 63 32 -21.85 -13.04999 -3.849998 -0.093199 0.027857 0.136134 0.031894
44 64 32 -5.75 -15.34999 -3.849998 -0.080447 0.019771 0.111149 0.017754
45 64 32 -8.050003 -15.34999 -3.849998 -0.089966 0.023865 0.149828 0.014709
46 64 32 -10.35 -15.34999 -3.849998 -0.091342 0.024496 0.186239 0.011104
47 64 32 -12.65 -15.34999 -3.849998 -0.086665 0.019873 0.205056 0.006824
48 64 32 -14.95 -15.34999 -3.849998 -0.064269 0.01409 0.222188 0.000665
49 64 32 -17.25 -15.34999 -3.849998 -0.093625 0.007949 0.221156 0.000569
50 64 32 -19.55 -15.34999 -3.849998 -0.135568 0.00696 0.204404 0.004742
51 64 32 -21.85 -15.34999 -3.849998 -0.15103 0.013681 0.195233 0.010843
44 65 32 -5.75 -17.64999 -3.849998 -0.041805 0.020249 0.08975 0.015431
45 65 32 -8.050003 -17.64999 -3.849998 -0.074642 0.02192 0.129055 0.014853
46 65 32 -10.35 -17.64999 -3.849998 -0.093625 0.026748 0.165317 0.01335
47 65 32 -12.65 -17.64999 -3.849998 -0.100063 0.023626 0.192924 0.003701
48 65 32 -14.95 -17.64999 -3.849998 -0.07654 0.016734 0.207094 0
49 65 32 -17.25 -17.64999 -3.849998 -0.090723 0.003992 0.201143 0
50 65 32 -19.55 -17.64999 -3.849998 -0.123862 0.006397 0.219621 0
27 66 32 33.35 -19.95 -3.849998 0.050389 0.013596 0.088731 0.004704
28 66 32 31.05 -19.95 -3.849998 0.035656 0.010935 0.026751 0.01761
29 66 32 28.75 -19.95 -3.849998 -0.010895 0.004486 0.006059 0.023335
30 66 32 26.45 -19.95 -3.849998 -0.017292 0.010781 0.007663 0.036627
26 67 32 35.65 -22.24998 -3.849998 -0.017072 0.019651 0.171512 0.00241
27 67 32 33.35 -22.24998 -3.849998 0.018626 0.010218 0.110442 0.008366
28 67 32 31.05 -22.24998 -3.849998 0.029686 0.01061 0.056111 0.01733
29 67 32 28.75 -22.24998 -3.849998 0.027499 0.010013 0.00663 0.03014
30 67 32 26.45 -22.24998 -3.849998 0.009726 0.005612 -0.022961 0.021783
31 67 32 24.15 -22.24998 -3.849998 0.007043 0.01276 -0.001671 0.024453
26 68 32 35.65 -24.54999 -3.849998 -0.066594 0.018799 0.180751 0.007171
27 68 32 33.35 -24.54999 -3.849998 -0.057061 0.021613 0.151336 0.010169
28 68 32 31.05 -24.54999 -3.849998 -0.015545 0.020368 0.099193 0.017764
29 68 32 28.75 -24.54999 -3.849998 0.043883 0.010662 0.039481 0.026709
30 68 32 26.45 -24.54999 -3.849998 0.066567 0.009945 -0.019184 0.009619
31 68 32 24.15 -24.54999 -3.849998 0.027196 0.028403 -0.010149 0.014265
26 69 32 35.65 -26.84999 -3.849998 -0.06354 0.022347 0.157545 0.009301
27 69 32 33.35 -26.84999 -3.849998 -0.085605 0.024684 0.170833 0.008868
28 69 32 31.05 -26.84999 -3.849998 -0.04834 0.05643 0.114423 0.018371
29 69 32 28.75 -26.84999 -3.849998 0.023124 0.017877 0.051383 0.021697
30 69 32 26.45 -26.84999 -3.849998 0.068506 0.01479 -0.005516 0.013774
37 48 33 10.35 21.45001 -1.549995 0.004113 0.000136 0.108078 0
38 48 33 8.049995 21.45001 -1.549995 0.028462 0.004418 0.070078 0.000829
39 48 33 5.75 21.45001 -1.549995 0.043429 0.007608 0.0641 0
36 49 33 12.65 19.15001 -1.549995 -0.061009 0.011617 0.153415 0.002043
37 49 33 10.35 19.15001 -1.549995 -0.036936 0.01728 0.136595 0
38 49 33 8.049995 19.15001 -1.549995 0.005269 0.012197 0.101557 0
39 49 33 5.75 19.15001 -1.549995 0.028049 0.013562 0.065893 0.005031
40 49 33 3.449997 19.15001 -1.549995 0.042177 0.024291 0.041737 0
37 50 33 10.35 16.85001 -1.549995 -0.053581 0.022841 0.149828 0.005253
38 50 33 8.049995 16.85001 -1.549995 -0.006699 0.030842 0.109437 0.009369
39 50 33 5.75 16.85001 -1.549995 0.018736 0.025366 0.072224 0.013253
32 59 33 21.85 -3.849991 -1.549995 -0.063059 0.010764 0.116175 0.011643
33 59 33 19.55 -3.849991 -1.549995 -0.065604 0.006295 0.152179 0.003402
34 59 33 17.25 -3.849991 -1.549995 -0.02754 0.001194 0.113132 0.007865
35 59 33 14.95 -3.849991 -1.549995 0.007924 0 0.090226 0.004925
36 59 33 12.65 -3.849991 -1.549995 -0.004801 0 0.125034 0
38 59 33 8.049995 -3.849991 -1.549995 -0.110944 0.007318 0.137343 0.008694
39 59 33 5.75 -3.849991 -1.549995 -0.080928 0.013357 0.110592 0.012222
47 59 33 -12.65 -3.849991 -1.549995 0.028338 0.005066 0.090742 0.00159
48 59 33 -14.95 -3.849991 -1.549995 0.041805 0.004435 0.072048 0.001687
49 59 33 -17.25 -3.849991 -1.549995 0.026481 0.001041 0.079778 0.001359
50 59 33 -19.55 -3.849991 -1.549995 0.002421 0 0.081938 0.000627
31 60 33 24.15 -6.149994 -1.549995 -0.104493 0.014363 0.145372 0.024289
32 60 33 21.85 -6.149994 -1.549995 -0.126998 0.006431 0.147451 0.013195
33 60 33 19.55 -6.149994 -1.549995 -0.135128 0.001092 0.190152 0.00081
34 60 33 17.25 -6.149994 -1.549995 -0.112788 0 0.168482 0.001214
38 60 33 8.049995 -6.149994 -1.549995 -0.140452 0 0.163944 0.00106
39 60 33 5.75 -6.149994 -1.549995 -0.115553 0.006823 0.144421 0.003595
40 60 33 3.449997 -6.149994 -1.549995 -0.046923 0.011975 0.115659 0.010853
45 60 33 -8.050003 -6.149994 -1.549995 -0.09628 0.017383 0.128892 0.010516
48 60 33 -14.95 -6.149994 -1.549995 0.030938 0 0.078678 0.004761
49 60 33 -17.25 -6.149994 -1.549995 0.00857 0 0.077659 0.004116
50 60 33 -19.55 -6.149994 -1.549995 -0.053718 0 0.10892 0
51 60 33 -21.85 -6.149994 -1.549995 -0.080007 0 0.136976 0
31 61 33 24.15 -8.449997 -1.549995 -0.131056 0.010781 0.185044 0.023017
32 61 33 21.85 -8.449997 -1.549995 -0.15828 0.005066 0.177069 0.016521
33 61 33 19.55 -8.449997 -1.549995 -0.16674 0.001979 0.187639 0.002207
34 61 33 17.25 -8.449997 -1.549995 -0.128387 0.003139 0.16279 0
37 61 33 10.35 -8.449997 -1.549995 -0.100503 0.009638 0.198046 0
38 61 33 8.049995 -8.449997 -1.549995 -0.112774 0.009945 0.196239 0.000434
39 61 33 5.75 -8.449997 -1.549995 -0.096115 0.01334 0.169229 0.000212
40 61 33 3.449997 -8.449997 -1.549995 -0.045396 0.017332 0.14472 0.0032
45 61 33 -8.050003 -8.449997 -1.549995 -0.104259 0.014858 0.144693 0.010419
46 61 33 -10.35 -8.449997 -1.549995 -0.105373 0.000529 0.13794 0.002255
49 61 33 -17.25 -8.449997 -1.549995 0.028723 0.00551 0.096054 0.011316
50 61 33 -19.55 -8.449997 -1.549995 -0.032148 0.006192 0.152872 0.001783
51 61 33 -21.85 -8.449997 -1.549995 -0.097271 0.004708 0.181145 0
52 61 33 -24.15 -8.449997 -1.549995 -0.066236 0.011105 0.16298 0
31 62 33 24.15 -10.74998 -1.549995 -0.134701 0.01363 0.193386 0.013668
32 62 33 21.85 -10.74998 -1.549995 -0.148857 0.007045 0.174759 0.013051
33 62 33 19.55 -10.74998 -1.549995 -0.151704 0.005032 0.186674 0.002034
34 62 33 17.25 -10.74998 -1.549995 -0.137274 0.006107 0.163741 0
35 62 33 14.95 -10.74998 -1.549995 -0.092745 0.013374 0.18306 0.001147
36 62 33 12.65 -10.74998 -1.549995 -0.097807 0.011344 0.180166 0.004357
37 62 33 10.35 -10.74998 -1.549995 -0.11177 0.011992 0.17499 0.007923
38 62 33 8.049995 -10.74998 -1.549995 -0.122899 0.010013 0.201021 0.004183
39 62 33 5.75 -10.74998 -1.549995 -0.089031 0.020487 0.191687 0.001841
45 62 33 -8.050003 -10.74998 -1.549995 -0.155529 0 0.176417 0.003749
46 62 33 -10.35 -10.74998 -1.549995 -0.086307 0.003599 0.14366 0.006516
47 62 33 -12.65 -10.74998 -1.549995 -0.051902 0.014466 0.116067 0.007422
49 62 33 -17.25 -10.74998 -1.549995 -0.010152 0.028249 0.087087 0.01814
50 62 33 -19.55 -10.74998 -1.549995 -0.03805 0.007079 0.118526 0.020135
51 62 33 -21.85 -10.74998 -1.549995 -0.091438 0.004708 0.156119 0.008964
52 62 33 -24.15 -10.74998 -1.549995 -0.060404 0.014841 0.153768 0.000867
36 63 33 12.65 -13.04999 -1.549995 -0.111068 0.009229 0.212855 0.002574
37 63 33 10.35 -13.04999 -1.549995 -0.166602 0 0.21045 0.005822
45 63 33 -8.050003 -13.04999 -1.549995 -0.108606 0.013084 0.190845 0.004761
46 63 33 -10.35 -13.04999 -1.549995 -0.080557 0.017127 0.150752 0.010506
47 63 33 -12.65 -13.04999 -1.549995 -0.056868 0.020931 0.13021 0.011788
48 63 33 -14.95 -13.04999 -1.549995 -0.037472 0.049402 0.109056 0.010574
49 63 33 -17.25 -13.04999 -1.549995 -0.043415 0.037239 0.088174 0.018603
50 63 33 -19.55 -13.04999 -1.549995 -0.083184 0.017604 0.116909 0.023817
51 63 33 -21.85 -13.04999 -1.549995 -0.129887 0.006823 0.135305 0.020656
44 64 33 -5.75 -15.34999 -1.549995 -0.089787 0.021323 0.11892 0.018535
45 64 33 -8.050003 -15.34999 -1.549995 -0.099417 0.024018 0.140427 0.015971
46 64 33 -10.35 -15.34999 -1.549995 -0.086004 0.023336 0.162015 0.009022
47 64 33 -12.65 -15.34999 -1.549995 -0.068176 0.021136 0.160249 0.007354
48 64 33 -14.95 -15.34999 -1.549995 -0.052356 0.023967 0.146337 0.007345
49 64 33 -17.25 -15.34999 -1.549995 -0.08804 0.023967 0.112113 0.012636
50 64 33 -19.55 -15.34999 -1.549995 -0.144262 0.012095 0.150983 0.016386
44 65 33 -5.75 -17.64999 -1.549995 -0.057804 0.022739 0.093025 0.019181
45 65 33 -8.050003 -17.64999 -1.549995 -0.086334 0.022296 0.129069 0.016858
48 65 33 -14.95 -17.64999 -1.549995 -0.057377 0.020743 0.17374 0
49 65 33 -17.25 -17.64999 -1.549995 -0.068644 0.019089 0.12074 0.007624
29 67 33 28.75 -22.24998 -1.549995 0.058162 0.004145 0.030039 0.018631
30 67 33 26.45 -22.24998 -1.549995 0.00641 0 0.001005 0.010863
28 68 33 31.05 -24.54999 -1.549995 0.039838 0.002525 0.101475 0.013995
29 68 33 28.75 -24.54999 -1.549995 0.103447 0 0.041071 0.016617
30 68 33 26.45 -24.54999 -1.549995 0.118056 0.00232 -0.018966 0.011007
38 49 34 8.049995 19.15001 0.75 0.010083 0.011071 0.104885 0
39 49 34 5.75 19.15001 0.75 0.042397 0.016922 0.102535 0
48 59 34 -14.95 -3.849991 0.75 0.022959 0.009792 0.088799 0.006718
50 59 34 -19.55 -3.849991 0.75 0.03556 0.003019 0.103336 0.00399
38 60 34 8.049995 -6.149994 0.75 -0.111687 0.004708 0.137574 0.004357
45 60 34 -8.050003 -6.149994 0.75 -0.09097 0.013954 0.118933 0.014795
49 60 34 -17.25 -6.149994 0.75 0.015613 0.008632 0.109994 0.006468
50 60 34 -19.55 -6.149994 0.75 0.009285 0.008052 0.129395 0.000896
51 60 34 -21.85 -6.149994 0.75 -0.00022 0 0.122493 0
34 61 34 17.25 -8.449997 0.75 -0.086665 0.005834 0.128824 0
37 61 34 10.35 -8.449997 0.75 -0.066126 0.009587 0.117588 0.005976
38 61 34 8.049995 -8.449997 0.75 -0.081891 0.012026 0.132832 0.006448
39 61 34 5.75 -8.449997 0.75 -0.087091 0.015984 0.150576 0.001041
45 61 34 -8.050003 -8.449997 0.75 -0.10419 0.01206 0.11642 0.010468
46 61 34 -10.35 -8.449997 0.75 -0.023152 0 0.087916 0.007296
49 61 34 -17.25 -8.449997 0.75 0.034707 0.002661 0.095049 0.009002
50 61 34 -19.55 -8.449997 0.75 0.00326 0 0.163931 0
51 61 34 -21.85 -8.449997 0.75 -0.047679 0 0.16855 0
36 62 34 12.65 -10.74998 0.75 -0.060431 0.014841 0.142003 0.006901
37 62 34 10.35 -10.74998 0.75 -0.079621 0.009365 0.150046 0.015017
38 62 34 8.049995 -10.74998 0.75 -0.104548 0.010696 0.154529 0.015046
46 62 34 -10.35 -10.74998 0.75 -0.078452 0 0.111013 0.006757
47 62 34 -12.65 -10.74998 0.75 -0.029741 0 0.084112 0.006911
49 62 34 -17.25 -10.74998 0.75 -0.000426 0.008444 0.075757 0.016251
50 62 34 -19.55 -10.74998 0.75 -0.037926 0 0.128512 0.016097
51 62 34 -21.85 -10.74998 0.75 -0.067475 0 0.17552 0.002969
46 63 34 -10.35 -13.04999 0.75 -0.071134 0.009058 0.14563 0.007576
47 63 34 -12.65 -13.04999 0.75 -0.037252 0.012521 0.122792 0.007306
48 63 34 -14.95 -13.04999 0.75 -0.030099 0.03294 0.073583 0.011181
49 63 34 -17.25 -13.04999 0.75 -0.045767 0.026987 0.080892 0.019325
50 63 34 -19.55 -13.04999 0.75 -0.084202 0.006738 0.134476 0.024694
46 64 34 -10.35 -15.34999 0.75 -0.087284 0.020811 0.191715 0.001889
47 64 34 -12.65 -15.34999 0.75 -0.045616 0.032923 0.177748 0.001427
48 64 34 -14.95 -15.34999 0.75 -0.04292 0.04338 0.122507 0.004906
49 64 34 -17.25 -15.34999 0.75 -0.063884 0.023285 0.085049 0.019807
48 65 34 -14.95 -17.64999 0.75 -0.036303 0.03509 0.135413 0
49 65 34 -17.25 -17.64999 0.75 -0.050252 0.030723 0.078175 0.020511
36 60 36 12.65 -6.149994 5.349998 -0.001788 0.0058 0.075702 0.006265
37 60 36 10.35 -6.149994 5.349998 -0.000605 0.004248 0.074833 0.010496
35 61 36 14.95 -8.449997 5.349998 0.008955 0.016905 0.065472 0.012019
36 61 36 12.65 -8.449997 5.349998 0.004457 0.021306 0.060268 0.017995
37 61 36 10.35 -8.449997 5.349998 -0.012876 0.025434 0.082604 0.026429
35 62 36 14.95 -10.74998 5.349998 -0.013082 0.015267 0.095443 0.009195
36 62 36 12.65 -10.74998 5.349998 -0.019204 0.023029 0.114572 0.01921
37 62 36 10.35 -10.74998 5.349998 -0.034006 0.025912 0.124232 0.029417
36 59 37 12.65 -3.849991 7.650002 -0.032025 0.010303 0.14188 0.001716
37 59 37 10.35 -3.849991 7.650002 -0.016136 0 0.115863 0
36 60 37 12.65 -6.149994 7.650002 -0.016865 0.018184 0.074928 0.013465
37 60 37 10.35 -6.149994 7.650002 -0.009368 0.015216 0.052891 0.013533
38 60 37 8.049995 -6.149994 7.650002 -0.004141 0.01293 0.052864 0.016058
35 61 37 14.95 -8.449997 7.650002 0.017457 0.011242 0.07145 0.013571
36 61 37 12.65 -8.449997 7.650002 0.012793 0.023183 0.055989 0.019875
37 61 37 10.35 -8.449997 7.650002 1.375628e-05 0.027362 0.059548 0.023576
38 61 37 8.049995 -8.449997 7.650002 0.005255 0.024257 0.070716 0.020444
35 62 37 14.95 -10.74998 7.650002 0.009464 0.004725 0.089057 0.007287
36 62 37 12.65 -10.74998 7.650002 0.005076 0.01438 0.088704 0.017648
37 62 37 10.35 -10.74998 7.650002 -0.013949 0.022688 0.100646 0.024347
36 59 38 12.65 -3.849991 9.950005 -0.057996 0.008205 0.144095 0.004511
37 59 38 10.35 -3.849991 9.950005 -0.025862 0.00667 0.082536 0.003393
35 60 38 14.95 -6.149994 9.950005 -0.035587 0.01392 0.129884 0.016434
36 60 38 12.65 -6.149994 9.950005 -0.02278 0.018628 0.093921 0.017475
37 60 38 10.35 -6.149994 9.950005 -0.010661 0.018304 0.06376 0.013186
38 60 38 8.049995 -6.149994 9.950005 -0.015847 0.028317 0.072795 0.020974
35 61 38 14.95 -8.449997 9.950005 0.013041 0.018816 0.108119 0.015981
36 61 38 12.65 -8.449997 9.950005 0.023152 0.021716 0.078392 0.018872
37 61 38 10.35 -8.449997 9.950005 0.000165 0.02076 0.075716 0.017436
38 61 38 8.049995 -8.449997 9.950005 -0.010867 0.026697 0.086965 0.018863
35 62 38 14.95 -10.74998 9.950005 0.032946 0.006977 0.118376 0.010034
36 62 38 12.65 -10.74998 9.950005 0.032534 0.00916 0.104288 0.011296
37 62 38 10.35 -10.74998 9.950005 0.002008 0.010013 0.107847 0.014564
36 59 39 12.65 -3.849991 12.25 -0.057336 0.00928 0.130509 0.010776
37 59 39 10.35 -3.849991 12.25 -0.021157 0.009212 0.081245 0.012309
38 59 39 8.049995 -3.849991 12.25 0.007263 0.01844 0.057429 0.015682
36 60 39 12.65 -6.149994 12.25 -0.009547 0.016001 0.108689 0.016116
37 60 39 10.35 -6.149994 12.25 0.005668 0.018662 0.069819 0.012424
38 60 39 8.049995 -6.149994 12.25 -0.010716 0.032428 0.096 0.016858
36 61 39 12.65 -8.449997 12.25 0.038999 0.010917 0.102847 0.017648
37 61 39 10.35 -8.449997 12.25 0.011844 0.019771 0.0874 0.014728
38 61 39 8.049995 -8.449997 12.25 -0.028861 0.036557 0.107956 0.018872
37 59 40 10.35 -3.849991 14.55 0.002517 0.017894 0.059141 0.018612
38 59 40 8.049995 -3.849991 14.55 -0.001348 0.01711 0.049263 0.021957
36 60 40 12.65 -6.149994 14.55 0.0193 0.014602 0.087074 0.015258
37 60 40 10.35 -6.149994 14.55 0.021281 0.019703 0.067958 0.017089
38 60 40 8.049995 -6.149994 14.55 -0.009354 0.034441 0.075634 0.024482
37 61 40 10.35 -8.449997 14.55 0.025408 0.029597 0.093717 0.024511
37 59 41 10.35 -3.849991 16.85 0.001733 0.013016 0.049522 0.02107
38 59 41 8.049995 -3.849991 16.85 -0.033455 0.017656 0.032729 0.028357
38 60 41 8.049995 -6.149994 16.85 -0.025091 0.034066 0.056097 0.027364
